,ID,Pation_No,Gender,AGE,Urea,Cr,HbA1c,Chol,TG,HDL,LDL,VLDL,BMI,CLASS
0,502,17975,F,50.0,4.7,46.0,4.9,4.2,0.9,2.4,1.4,0.5,24.0,N
1,735,34221,M,26.0,4.5,62.0,4.9,3.7,1.4,1.1,2.1,0.6,23.0,N
2,420,47975,F,50.0,4.7,46.0,4.9,4.2,0.9,2.4,1.4,0.5,24.0,N
3,680,87656,F,50.0,4.7,46.0,4.9,4.2,0.9,2.4,1.4,0.5,24.0,N
4,504,34223,M,33.0,7.1,46.0,4.9,4.9,1.0,0.8,2.0,0.4,21.0,N
5,634,34224,F,45.0,2.3,24.0,4.0,2.9,1.0,1.0,1.5,0.4,21.0,N
6,721,34225,F,50.0,2.0,50.0,4.0,3.6,1.3,0.9,2.1,0.6,24.0,N
7,421,34227,M,48.0,4.7,47.0,4.0,2.9,0.8,0.9,1.6,0.4,24.0,N
8,670,34229,M,43.0,2.6,67.0,4.0,3.8,0.9,2.4,3.7,1.0,21.0,N
9,759,34230,F,32.0,3.6,28.0,4.0,3.8,2.0,2.4,3.8,1.0,24.0,N
10,636,34231,F,31.0,4.4,55.0,4.2,3.6,0.7,1.7,1.6,0.3,23.0,N
11,788,34232,F,33.0,3.3,53.0,4.0,4.0,1.1,0.9,2.7,1.0,21.0,N
12,82,46815,F,30.0,3.0,42.0,4.1,4.9,1.3,1.2,3.2,0.5,22.0,N
13,132,34234,F,45.0,4.6,54.0,5.1,4.2,1.7,1.2,2.2,0.8,23.0,N
14,402,34235,F,50.0,3.5,39.0,4.0,4.0,1.5,1.2,2.2,0.7,24.0,N
15,566,34236,M,50.0,5.5,74.0,5.0,3.6,1.1,1.0,2.1,0.5,21.0,N
16,596,34237,F,50.0,5.9,53.0,5.4,5.3,0.8,1.1,4.1,0.3,21.0,N
17,676,87654,F,30.0,3.0,42.0,4.1,4.9,1.3,1.2,3.2,0.5,22.0,N
18,729,34238,F,49.0,2.2,28.0,4.1,5.0,1.3,1.2,3.3,0.6,24.0,N
19,742,34239,F,49.0,3.8,55.0,4.0,4.4,0.9,1.0,1.3,0.4,23.0,N
20,64,34240,F,49.0,13.5,175.0,5.1,0.5,1.9,1.3,2.8,0.8,24.0,N
21,97,12744,F,42.0,5.0,73.0,4.5,6.2,1.0,1.1,4.6,0.4,24.0,N
22,126,34302,F,33.0,5.3,62.0,5.0,4.2,1.5,1.2,2.3,0.6,24.0,N
23,390,34282,M,50.0,4.0,28.0,5.3,4.8,1.0,0.9,3.6,0.4,23.0,N
24,458,34242,F,39.0,3.2,55.0,5.0,4.6,1.3,1.0,3.0,0.6,21.0,N
25,470,46675,F,30.0,3.0,45.0,4.1,4.9,1.3,1.2,3.2,0.5,22.0,N
26,494,45566,M,30.0,4.8,80.0,5.5,5.5,1.8,1.2,3.5,0.8,19.0,N
27,564,34309,M,41.0,4.2,99.0,4.0,2.8,2.9,0.8,3.8,1.3,22.0,N
28,696,87664,M,33.0,2.0,54.0,5.4,3.7,1.3,0.8,2.4,0.6,22.0,N
29,106,34245,F,44.0,4.3,49.0,4.0,5.6,1.4,1.4,3.6,0.6,22.0,N
30,138,34246,F,48.0,7.5,82.0,5.4,3.2,1.8,1.6,0.9,0.8,23.0,N
31,315,34294,M,47.0,4.6,55.0,4.3,4.6,0.8,0.9,4.2,4.1,24.0,N
32,650,75435657,M,36.0,3.8,70.0,5.0,3.6,0.7,1.3,1.9,5.0,22.0,N
33,678,87655,F,42.0,5.0,73.0,4.5,6.2,1.0,1.1,4.6,0.4,24.0,N
34,699,34290,F,47.0,5.6,67.0,5.1,6.5,1.5,0.9,4.9,0.7,23.0,N
35,703,34248,F,39.0,6.0,67.0,4.0,4.0,0.6,1.1,2.6,0.3,22.0,N
36,708,34249,F,38.0,2.0,20.0,5.1,3.0,1.2,0.6,2.0,0.5,21.0,N
37,719,34298,M,46.0,2.0,54.0,5.4,3.7,1.3,0.8,2.4,0.6,21.0,N
38,740,34250,M,44.0,3.8,74.0,5.0,3.7,1.5,1.1,2.0,0.7,24.0,N
39,741,34251,F,41.0,3.4,48.0,4.0,4.4,1.6,0.8,3.0,0.7,23.0,N
40,746,34299,F,45.0,4.7,31.0,4.8,3.8,0.7,1.3,2.2,0.3,24.0,N
41,794,34285,F,44.0,3.0,39.0,5.5,9.5,1.7,1.3,2.5,0.6,21.0,N
42,219,48759,M,33.0,2.0,54.0,5.4,3.7,1.3,0.8,2.4,0.6,22.0,N
43,255,34293,M,43.0,4.1,44.0,4.3,4.7,1.9,1.4,2.6,0.8,21.0,N
44,450,6402,F,33.0,2.7,47.0,5.0,4.2,1.4,1.3,2.6,0.7,24.0,N
45,626,34254,M,49.0,5.7,74.0,4.7,5.2,1.1,0.9,1.4,0.7,21.0,N
46,664,78554,M,31.0,3.6,67.0,3.7,4.3,2.1,1.0,2.4,14.5,23.0,N
47,704,34255,M,49.0,3.8,60.0,5.0,4.7,1.8,0.7,3.3,0.8,24.0,N
48,799,34517,F,44.0,3.0,39.0,5.5,9.5,1.7,1.3,2.5,0.6,21.0,N
49,210,34257,F,47.0,3.7,48.0,5.0,4.7,1.6,1.0,2.4,0.7,22.0,N
50,237,34258,M,44.0,3.1,49.0,4.0,4.9,1.7,1.4,2.8,0.8,24.0,N
51,318,34259,F,45.0,4.0,57.0,4.0,4.3,0.9,1.1,4.2,0.4,22.0,N
52,620,34260,M,43.0,2.4,40.0,5.0,4.8,1.9,1.1,3.0,0.8,21.0,N
53,640,34261,F,47.0,3.3,53.0,5.4,4.1,0.7,1.7,2.8,0.7,20.0,N
54,668,34262,F,50.0,4.4,69.0,5.0,3.9,0.7,2.3,0.3,0.4,24.0,N
55,701,34295,F,50.0,5.4,52.0,4.5,3.2,0.8,1.2,1.7,0.3,23.0,N
56,174,34264,F,49.0,2.3,52.0,5.0,3.1,1.3,1.0,2.5,0.7,22.0,N
57,276,34271,F,50.0,4.5,32.0,4.5,3.4,0.7,1.1,2.0,0.3,22.0,N
58,345,34273,F,49.0,2.1,38.0,5.0,4.2,0.8,0.9,3.0,0.4,21.0,N
59,482,34274,F,44.0,3.9,42.0,4.1,5.2,1.5,1.0,3.5,0.7,21.0,N
60,630,34275,F,48.0,2.8,55.0,5.0,3.6,0.6,2.1,1.2,0.2,23.5,N
61,789,34277,M,47.0,4.0,45.0,4.2,4.0,1.3,0.9,2.6,1.0,23.0,N
62,348,34281,M,47.0,7.6,85.0,4.3,4.3,2.3,0.9,2.4,1.0,24.0,N
63,7,21354,M,44.0,6.8,64.0,4.9,4.9,2.8,2.0,1.8,1.2,21.0,N
64,9,85922,F,35.0,3.9,38.0,5.4,3.8,5.9,0.5,4.3,1.0,22.0,N
65,10,568412,M,40.0,5.0,63.0,4.0,4.8,2.5,1.1,2.7,1.1,23.0,N
66,42,1168,F,35.0,2.8,50.0,5.0,4.7,2.5,1.3,2.4,1.1,20.0,N
67,47,789566,F,42.0,2.1,45.0,4.9,3.0,1.1,1.1,1.4,1.4,21.0,N
68,71,85764,M,59.0,5.2,38.0,5.4,4.9,1.2,0.9,3.4,0.6,23.0,N
69,72,86745,F,31.0,3.9,6.0,5.4,4.4,1.8,1.1,2.6,0.8,22.0,N
70,83,741741,M,40.0,4.7,40.0,5.6,7.6,1.3,0.9,3.4,1.3,22.0,N
71,88,21747,M,41.0,3.8,48.0,4.3,3.2,4.5,1.3,1.8,1.1,21.0,N
72,89,4172,F,41.0,2.0,39.0,4.0,3.4,1.2,1.7,1.1,0.5,21.0,N
73,96,42585,F,43.0,4.0,54.0,4.3,4.1,1.1,1.2,2.4,1.3,24.5,N
74,98,8572,F,44.0,4.4,56.0,4.2,3.4,1.3,1.3,1.5,0.6,21.0,N
75,99,78585,M,59.0,4.7,58.0,4.1,6.3,0.6,1.1,4.9,1.1,24.0,N
76,102,57252,F,35.0,3.3,44.0,5.0,4.1,1.9,4.0,1.3,0.7,23.0,N
77,126,45396,M,51.0,4.5,88.0,4.0,4.1,1.5,0.9,2.7,1.1,20.0,N
78,134,45367,F,30.0,3.6,61.0,5.4,6.5,1.8,1.5,4.2,0.8,24.0,N
79,137,45388,F,50.0,6.0,61.0,5.0,4.4,2.7,1.3,3.1,1.1,21.0,N
80,138,45399,F,57.0,4.6,97.0,0.9,3.2,1.3,0.9,3.0,1.1,22.0,N
81,139,45389,F,50.0,6.3,88.0,4.0,4.5,1.2,1.8,4.1,1.2,22.0,N
82,141,45374,F,35.0,3.6,61.0,5.3,4.3,1.3,0.8,1.3,1.0,24.0,N
83,143,45410,M,63.0,6.6,106.0,4.3,4.8,1.7,1.1,3.0,0.7,20.0,N
84,144,45377,M,36.0,3.3,70.0,4.2,4.9,2.5,0.9,1.9,0.7,20.0,N
85,145,45390,M,50.0,5.8,61.0,4.0,2.0,1.2,1.3,3.0,0.8,21.0,N
86,147,45365,F,25.0,10.0,35.0,4.0,4.3,3.5,0.8,1.3,0.8,22.0,N
87,149,45381,F,40.0,5.8,123.0,4.5,4.6,1.5,0.7,3.0,0.6,24.0,N
88,150,45382,F,40.0,6.3,79.0,4.9,4.3,0.8,0.8,1.8,1.2,22.0,N
89,153,45391,M,50.0,5.5,97.0,5.4,3.2,1.8,1.6,0.9,0.8,21.0,N
90,154,45369,M,30.0,5.5,79.0,5.6,3.9,1.6,0.9,3.3,0.8,24.5,N
91,157,45392,M,50.0,9.6,203.0,5.4,3.8,5.9,0.5,4.3,1.3,22.0,N
92,161,45406,F,60.0,7.5,70.0,0.9,3.4,5.3,1.1,3.6,0.8,24.0,N
93,165,45412,F,77.0,5.0,106.0,5.4,3.9,2.1,1.2,4.2,1.1,24.0,N
94,166,45383,F,44.0,7.3,132.0,4.3,5.2,1.9,2.5,3.0,0.7,21.0,N
95,171,45434,M,40.0,22.0,159.0,5.4,3.1,1.6,1.1,1.3,0.7,24.0,N
96,180,454316,F,54.0,6.3,106.0,5.6,4.3,2.0,1.3,2.2,0.9,20.0,N
97,181,454316,F,50.0,3.3,70.0,4.9,3.7,0.9,1.2,2.7,0.6,24.0,N
98,182,454316,M,60.0,7.5,70.0,0.9,3.4,5.3,1.1,3.6,0.8,24.0,N
99,186,454316,M,77.0,5.0,106.0,5.4,0.0,2.8,0.8,1.8,0.7,19.0,N
100,190,454316,F,59.0,4.7,58.0,4.1,4.5,1.8,1.8,1.8,1.3,22.5,N
101,197,454316,F,57.0,4.6,97.0,0.9,3.2,1.3,0.9,3.0,1.1,22.0,N
102,435,34241,M,38.0,6.1,83.0,5.4,4.5,1.7,0.9,2.8,0.8,24.6,N
103,472,463,M,34.0,3.9,81.0,6.0,6.2,3.9,0.8,1.9,1.8,23.0,P
104,85,46300,M,34.0,3.9,81.0,6.0,6.2,3.9,0.8,3.8,1.8,23.0,P
105,710,87671,M,34.0,3.9,81.0,6.0,6.2,3.9,0.8,3.8,1.8,23.0,P
106,429,48036,M,31.0,3.4,55.0,5.7,4.9,1.6,1.0,3.2,0.7,24.0,P
107,702,87667,M,31.0,3.4,55.0,5.7,4.9,1.6,1.0,3.2,0.7,24.0,P
108,4,34301,F,43.0,2.1,55.0,5.7,4.7,5.3,0.9,1.7,2.4,25.0,P
109,189,30383,M,42.0,5.4,53.0,5.8,5.9,3.7,1.3,3.1,1.7,23.0,P
110,201,45573,M,47.0,4.1,87.0,6.2,3.7,1.8,1.0,2.0,0.8,23.0,P
111,285,47069,M,50.0,4.3,59.0,6.1,4.0,3.0,1.0,1.8,1.3,24.0,P
112,393,47496,M,49.0,5.0,74.0,6.2,2.0,0.8,0.6,1.0,0.4,25.0,P
113,468,298,M,50.0,4.7,53.0,6.1,4.2,2.2,0.8,2.5,0.9,25.0,P
114,492,13281,M,49.0,3.5,59.0,6.0,4.0,2.1,1.4,1.9,0.9,24.0,P
115,496,56826,F,49.0,3.3,44.0,6.0,5.6,1.9,0.75,1.35,0.8,21.0,P
116,498,488496,M,50.0,5.0,74.0,6.2,2.0,0.8,0.6,1.0,0.4,24.0,P
117,684,87658,F,49.0,3.3,44.0,6.0,5.6,1.9,0.75,1.35,0.8,23.0,P
118,700,87666,M,42.0,5.4,53.0,5.8,5.9,3.7,1.3,3.1,1.7,23.0,P
119,716,87674,M,50.0,4.3,59.0,6.1,4.0,3.0,1.0,1.8,1.3,24.0,P
120,366,11826,F,49.0,3.3,44.0,6.0,5.6,1.9,0.75,1.35,0.8,23.0,P
121,399,47513,F,39.0,3.0,38.0,6.4,4.7,1.3,1.1,3.1,0.6,22.0,P
122,490,48969,M,50.0,4.3,59.0,6.1,4.0,2.4,1.0,1.8,0.7,24.0,P
123,500,23513,F,39.0,3.0,46.0,6.4,4.7,1.3,1.1,3.1,0.6,24.0,P
124,672,34247,M,49.0,3.1,75.0,6.0,3.6,2.4,1.9,1.1,0.6,24.0,P
125,690,87661,F,39.0,3.0,38.0,6.4,4.7,1.3,1.1,3.1,0.6,22.0,P
126,718,87675,M,50.0,5.0,74.0,6.2,2.0,0.8,0.6,1.0,0.4,25.0,P
127,264,44433,M,33.0,4.8,64.0,5.8,4.8,1.1,1.7,2.6,0.5,25.0,P
128,464,1111,M,50.0,4.8,62.0,5.9,5.3,1.3,1.0,3.7,0.6,25.0,P
129,466,26665,F,30.0,5.7,53.0,6.0,5.4,1.7,1.4,3.3,0.7,22.0,P
130,686,87659,F,33.0,2.7,47.0,6.0,4.2,1.4,1.3,2.6,0.7,24.0,P
131,688,87660,F,30.0,5.7,53.0,6.0,5.4,1.7,1.4,3.3,0.7,22.0,P
132,16,20321,M,50.0,4.8,62.0,5.9,5.3,1.3,1.0,3.7,0.6,19.0,P
133,705,87668,M,33.0,4.8,64.0,5.8,4.8,1.1,1.7,2.6,0.5,25.0,P
134,709,87670,M,50.0,4.8,62.0,5.9,5.3,1.3,1.0,3.7,0.6,25.0,P
135,19,26925,F,50.0,5.7,53.0,6.0,5.4,1.7,1.4,3.3,0.7,25.0,P
136,123,34263,F,49.0,4.6,60.0,6.1,4.8,1.4,0.7,3.9,1.7,25.0,P
137,476,7402,F,33.0,2.7,47.0,6.0,4.2,1.4,1.3,2.6,0.7,19.0,P
138,682,87657,F,50.0,5.7,53.0,6.0,5.4,1.7,1.4,3.3,0.7,25.0,P
139,706,87669,M,50.0,4.8,62.0,5.9,5.3,1.3,1.0,3.7,0.6,19.0,P
140,754,34296,M,49.0,4.8,46.0,5.8,4.8,1.1,1.7,2.6,0.5,24.0,P
141,68,29008,M,50.0,4.7,53.0,6.1,4.2,2.2,0.8,2.5,0.9,24.0,P
142,342,41281,M,50.0,3.5,59.0,6.0,4.0,2.1,1.4,1.9,0.9,25.0,P
143,712,87672,M,50.0,3.5,59.0,6.0,4.0,2.1,1.4,1.9,0.9,25.0,P
144,715,87673,M,50.0,4.7,53.0,6.1,4.2,2.2,0.8,2.5,0.9,24.0,P
145,12,685,M,55.0,4.8,60.0,6.0,3.6,3.0,1.5,0.8,1.4,24.0,P
146,20,19112,F,40.0,2.1,52.0,5.9,2.1,2.3,0.9,2.8,1.2,30.0,P
147,41,1655,M,40.0,3.4,64.0,5.7,6.5,3.8,1.0,3.9,1.7,31.0,P
148,60,546543,F,35.0,4.4,37.0,5.8,4.0,2.5,1.3,2.3,1.6,32.0,P
149,79,252,M,41.0,5.9,62.0,5.9,4.7,5.3,0.9,1.7,2.4,21.0,P
150,81,7414,M,43.0,4.4,60.0,6.3,4.3,1.8,1.6,1.9,0.8,29.0,P
151,133,45366,M,30.0,17.1,344.0,6.0,4.9,1.6,1.7,2.5,0.7,21.0,P
152,135,45397,M,54.0,4.0,88.0,5.7,4.4,2.9,0.6,2.5,1.3,28.0,P
153,146,45368,M,30.0,6.0,97.0,5.8,4.2,1.7,1.2,2.2,0.8,19.0,P
154,152,45378,M,39.0,5.0,106.0,6.4,3.7,2.0,0.8,2.1,0.9,19.5,P
155,178,45384,F,48.0,5.6,79.0,6.3,4.2,1.2,2.5,2.7,1.4,27.0,P
156,12,23975,M,31.0,3.0,60.0,12.3,4.1,2.2,0.7,2.4,15.4,37.2,Y
157,18,23977,M,30.0,7.1,81.0,6.7,4.1,1.1,1.2,2.4,8.1,27.4,Y
158,24,23979,M,45.0,4.1,63.0,10.2,4.8,1.3,0.9,3.3,9.5,34.3,Y
159,675,33656789,M,45.0,4.1,63.0,10.2,4.8,1.3,0.9,3.3,9.5,34.3,Y
160,39,23984,M,45.0,5.3,77.0,11.2,3.9,1.5,1.3,2.0,10.4,29.5,Y
161,474,67036,M,31.0,3.4,55.0,6.5,4.9,1.6,1.0,3.2,0.7,24.0,Y
162,648,745326,M,45.0,5.3,77.0,11.2,3.9,1.5,1.3,2.0,10.4,29.5,Y
163,48,23987,M,30.0,5.0,80.0,6.9,4.5,1.8,1.2,2.6,12.7,34.6,Y
164,656,768585,M,30.0,5.0,80.0,6.9,4.5,1.8,1.2,2.6,12.7,34.6,Y
165,57,23990,M,35.0,4.8,64.0,7.7,3.7,1.0,1.2,2.0,7.2,27.3,Y
166,658,97643,M,35.0,4.8,64.0,7.7,3.7,1.0,1.2,2.0,7.2,27.3,Y
167,69,23994,M,45.0,4.8,82.0,7.2,4.7,1.8,0.8,3.1,12.7,31.2,Y
168,662,12543,M,45.0,4.8,82.0,7.2,4.7,1.8,0.8,3.1,12.7,31.2,Y
169,714,34268,M,45.0,3.6,80.0,5.0,6.1,3.7,0.7,3.9,1.7,22.0,Y
170,87,24000,F,50.0,4.0,56.0,13.7,4.4,2.0,1.0,2.5,0.9,29.0,Y
171,231,14389,F,50.0,4.0,56.0,13.7,4.4,2.0,1.0,2.5,0.9,29.0,Y
172,505,23044,F,48.0,4.0,38.0,6.5,4.4,2.3,1.3,2.2,1.0,23.0,Y
173,654,233457,M,38.0,5.8,59.0,6.7,5.3,2.0,1.6,2.9,14.0,40.5,Y
174,7,34278,F,46.0,3.0,59.0,5.1,5.7,3.8,1.3,2.8,1.7,24.0,Y
175,61,34279,M,45.0,2.3,42.0,5.1,4.4,1.5,1.0,2.8,0.5,25.0,Y
176,102,24005,F,54.0,3.0,39.0,7.2,9.5,1.7,1.3,2.5,0.6,22.0,Y
177,127,9860,F,54.0,3.0,39.0,7.2,9.5,1.7,1.3,2.5,0.6,22.0,Y
178,228,34280,M,43.0,5.4,62.0,4.1,5.9,2.0,1.1,3.9,0.9,21.0,Y
179,674,34283,M,49.0,3.9,65.0,5.2,5.1,1.7,3.9,0.8,1.6,24.0,Y
180,744,34284,F,49.0,3.8,56.0,5.1,6.0,3.5,1.1,3.5,1.6,25.0,Y
181,10,34286,F,45.0,3.1,54.0,4.0,5.9,1.8,1.6,3.5,0.8,24.0,Y
182,58,34270,F,47.0,3.5,65.0,5.0,6.3,2.2,1.1,2.8,0.8,23.0,Y
183,108,24007,M,38.0,4.0,67.0,10.2,5.2,2.0,1.1,3.2,14.0,47.0,Y
184,150,34287,F,42.0,2.8,39.0,4.6,4.7,2.5,1.3,2.4,1.1,25.0,Y
185,198,34288,M,39.0,4.3,49.0,5.1,6.7,2.5,1.1,4.5,1.1,25.0,Y
186,357,73566,M,30.0,4.8,80.0,5.5,5.5,1.8,1.2,3.5,0.8,25.0,Y
187,588,34243,M,40.0,5.9,76.0,4.0,5.0,2.1,1.6,3.0,0.9,24.0,Y
188,666,66456,M,38.0,4.0,67.0,10.2,5.2,2.0,1.1,3.2,14.0,47.0,Y
189,698,87665,M,30.0,4.8,80.0,5.5,5.5,1.8,1.2,3.5,0.8,25.0,Y
190,753,34291,M,46.0,4.4,47.0,5.2,6.8,0.7,1.7,4.7,0.4,24.0,Y
191,110,34292,F,45.0,3.7,49.0,5.3,2.5,2.2,1.0,0.6,1.0,25.0,Y
192,113,24009,M,33.0,3.3,76.0,9.7,2.4,1.9,0.8,2.5,13.1,21.17,Y
193,119,24011,M,40.0,4.3,72.0,7.0,4.0,1.8,0.9,2.4,12.2,40.0,Y
194,122,24012,M,40.0,7.1,74.0,7.5,4.4,1.4,1.3,2.5,10.0,28.3,Y
195,452,34253,M,50.0,7.7,67.0,4.0,5.2,2.1,1.1,3.2,0.9,23.0,Y
196,652,780087,M,33.0,3.3,76.0,9.7,2.4,1.9,0.8,2.5,13.1,21.17,Y
197,660,875444,M,40.0,7.1,74.0,7.5,4.4,1.4,1.3,2.5,10.0,28.3,Y
198,673,66467878,M,40.0,4.3,72.0,7.0,4.0,1.8,0.9,2.4,12.2,40.0,Y
199,134,24016,F,63.0,6.6,96.0,8.9,5.8,1.7,1.7,3.4,0.8,32.0,Y
200,162,8644,F,63.0,6.6,96.0,8.9,5.8,1.7,1.7,3.4,0.8,32.0,Y
201,168,34228,F,44.0,6.8,64.0,4.0,6.2,2.3,1.2,4.1,1.0,23.0,Y
202,580,34297,F,49.0,4.3,53.0,4.2,4.2,1.1,1.1,2.7,0.5,25.0,Y
203,694,87663,M,42.0,4.6,91.0,4.5,5.6,2.1,0.9,3.8,0.9,22.0,Y
204,790,34300,F,44.0,4.0,32.0,4.3,5.3,1.8,0.9,3.6,0.9,25.0,Y
205,140,24018,F,33.0,1.8,31.0,7.4,3.7,1.2,1.6,1.5,0.5,31.5,Y
206,143,24019,F,48.0,4.0,38.0,6.8,4.4,2.3,1.3,2.2,1.0,25.0,Y
207,146,24020,F,48.0,4.0,38.0,6.8,4.4,2.3,1.3,2.2,1.0,25.0,Y
208,161,24025,M,57.0,4.6,370.0,6.8,4.0,6.0,2.5,3.5,1.1,37.0,Y
209,375,34226,F,47.0,5.1,68.0,4.0,5.3,2.3,0.7,3.7,1.0,23.0,Y
210,426,41044,F,48.0,4.0,38.0,6.8,4.4,2.3,1.3,2.2,1.0,25.0,Y
211,453,48112,F,33.0,1.8,31.0,7.4,3.7,1.2,1.6,1.5,0.5,31.5,Y
212,534,34305,M,57.0,4.6,370.0,6.8,6.1,6.0,2.5,3.5,1.1,37.0,Y
213,612,34267,F,33.0,4.6,56.0,5.0,6.2,3.8,0.8,3.7,1.7,24.0,Y
214,692,87662,F,48.0,4.0,38.0,6.8,4.4,2.3,1.3,2.2,1.0,25.0,Y
215,717,34306,F,33.0,5.7,48.0,4.0,6.8,3.1,1.0,3.9,1.5,23.0,Y
216,725,34307,M,34.0,7.7,80.0,5.5,5.1,1.2,1.4,0.9,1.5,21.0,Y
217,777,34269,M,43.0,3.2,42.0,4.0,6.2,3.2,1.0,3.9,1.5,23.0,Y
218,67,34222,F,28.0,4.1,73.0,4.9,5.3,3.2,0.8,0.8,0.9,24.0,Y
219,109,46638,M,42.0,4.6,91.0,4.5,5.6,2.1,0.9,3.8,0.9,22.0,Y
220,351,34266,M,47.0,5.8,62.0,4.0,7.0,2.8,0.9,4.9,1.3,24.0,Y
221,552,34308,M,39.0,9.1,80.0,5.1,7.1,1.5,1.2,4.1,0.7,20.0,Y
222,685,34310,F,39.0,4.2,45.0,5.0,4.4,1.7,2.8,0.7,0.6,25.0,Y
223,750,34244,F,49.0,2.2,23.0,4.0,6.6,3.8,1.0,4.1,1.7,23.0,Y
224,31,34252,M,50.0,2.6,106.0,4.0,6.3,4.4,1.0,3.6,1.7,24.0,Y
225,129,34311,F,56.0,8.5,92.0,5.7,4.8,1.7,1.3,2.8,0.7,35.0,Y
226,173,24029,M,51.0,7.3,65.0,7.0,3.8,3.8,1.0,1.1,1.7,31.0,Y
227,176,24030,M,52.0,3.0,60.0,7.0,3.8,3.2,0.8,1.7,1.4,33.0,Y
228,179,24031,M,56.0,3.4,44.0,4.8,4.1,1.5,0.8,1.7,1.4,39.0,Y
229,182,24032,F,59.0,3.8,91.0,6.0,4.2,2.0,2.3,0.9,1.4,38.0,Y
230,183,34312,M,52.0,3.0,60.0,7.0,3.8,3.2,0.8,1.7,1.4,33.0,Y
231,185,24033,F,56.0,8.5,92.0,5.7,4.8,1.7,1.3,2.8,0.7,35.0,Y
232,195,34313,M,56.0,3.4,44.0,4.8,4.1,1.5,0.8,1.7,1.4,39.0,Y
233,316,39963,M,51.0,7.3,65.0,7.0,3.8,3.8,1.0,1.1,1.7,31.0,Y
234,646,34314,F,59.0,3.8,91.0,6.0,4.2,2.0,2.3,0.9,1.4,38.0,Y
235,186,34315,F,54.0,4.3,52.0,6.7,3.1,1.1,3.1,1.2,0.7,37.0,Y
236,187,47586,M,69.0,5.9,71.0,10.4,5.4,1.3,1.7,3.1,0.6,33.0,Y
237,188,24034,F,54.0,4.3,52.0,6.7,3.1,1.1,3.1,1.2,0.7,37.0,Y
238,191,24035,M,60.0,6.6,76.0,7.8,4.7,2.3,1.4,1.6,0.6,26.0,Y
239,194,24036,M,54.0,5.9,71.0,10.4,5.4,1.3,1.7,3.1,0.6,32.0,Y
240,197,24037,M,69.0,5.9,71.0,10.4,5.4,1.3,1.7,3.1,0.6,33.0,Y
241,200,24038,M,57.0,2.0,77.0,7.0,5.5,1.9,1.0,3.7,0.9,33.0,Y
242,203,24039,M,55.0,5.0,76.0,10.2,5.6,4.6,0.8,2.9,31.8,33.9,Y
243,411,34316,M,57.0,2.0,77.0,7.0,5.5,1.9,1.0,3.7,0.9,33.0,Y
244,520,34317,M,54.0,5.9,71.0,10.4,5.4,1.3,1.7,3.1,0.6,32.0,Y
245,622,9423,M,55.0,5.0,76.0,10.2,5.6,4.6,0.8,2.9,31.8,33.9,Y
246,758,34318,M,60.0,6.6,76.0,7.8,4.7,2.3,1.4,1.6,0.6,26.0,Y
247,206,24040,F,60.0,2.0,45.0,6.8,7.2,2.2,0.8,2.2,1.1,27.0,Y
248,600,34319,F,60.0,2.0,45.0,6.8,7.2,2.2,1.0,2.2,1.1,27.0,Y
249,76,9903,M,73.0,4.3,79.0,6.0,5.3,1.4,1.5,3.2,0.6,27.0,Y
250,86,34320,F,61.0,2.1,23.0,9.9,4.1,4.2,1.2,1.4,1.1,28.0,Y
251,209,24041,M,51.0,6.5,70.0,7.3,3.5,1.8,1.8,1.95,0.8,32.0,Y
252,212,24042,F,61.0,2.1,23.0,9.9,4.1,4.2,1.2,1.4,1.1,28.0,Y
253,215,24043,M,55.0,4.16,64.0,8.1,4.5,1.5,1.2,2.7,10.4,31.4,Y
254,218,24044,F,55.0,2.7,52.0,8.0,4.6,1.7,1.0,2.9,0.8,30.0,Y
255,221,24045,M,73.0,4.3,79.0,6.0,5.3,1.4,1.5,3.2,0.6,27.0,Y
256,224,24046,M,73.0,4.3,79.0,6.9,5.3,1.4,1.5,3.2,0.6,28.0,Y
257,227,24047,F,63.0,8.7,93.0,9.0,5.9,2.2,1.2,3.7,1.0,29.0,Y
258,438,13713,M,51.0,6.5,70.0,7.3,3.5,1.8,1.8,1.95,0.8,32.0,Y
259,456,34321,F,63.0,8.7,93.0,9.0,5.9,2.2,1.2,3.7,1.0,29.0,Y
260,510,34290,M,73.0,4.3,79.0,6.9,5.3,1.4,1.5,3.2,0.6,28.0,Y
261,602,5432,M,55.0,4.16,64.0,8.1,4.5,1.5,1.2,2.7,10.4,31.4,Y
262,772,34322,F,55.0,2.7,52.0,8.0,4.6,1.7,1.0,2.9,0.8,30.0,Y
263,230,24048,F,52.0,6.0,76.0,6.5,2.7,1.2,0.8,1.4,0.5,31.0,Y
264,233,24049,F,55.0,2.1,46.0,5.9,4.1,2.7,1.0,2.0,1.2,30.0,Y
265,236,24050,F,51.0,2.1,46.0,5.9,4.1,2.7,1.0,2.0,1.2,36.0,Y
266,239,24051,M,57.0,4.8,72.0,7.3,4.5,1.6,2.1,1.9,0.7,34.0,Y
267,242,24052,M,55.0,5.1,78.0,11.8,4.5,1.8,1.1,2.7,12.7,31.5,Y
268,252,17922,F,55.0,2.1,46.0,5.9,4.1,2.7,1.0,2.0,1.2,30.0,Y
269,312,44518,M,57.0,4.8,72.0,7.3,4.5,1.6,2.1,1.9,0.7,34.0,Y
270,614,34323,F,52.0,6.0,76.0,6.5,2.7,1.2,0.8,1.4,0.5,31.0,Y
271,647,75433,M,55.0,5.1,78.0,11.8,4.5,1.8,1.1,2.7,12.7,31.5,Y
272,739,34324,F,51.0,2.1,46.0,5.9,4.1,2.7,1.0,2.0,1.2,36.0,Y
274,9,23974,F,60.0,6.0,72.0,10.7,4.4,2.1,1.1,2.5,0.9,26.0,Y
275,243,48806,M,56.0,3.5,60.0,7.6,4.7,1.3,0.9,3.3,0.6,26.0,Y
276,245,24053,M,61.0,5.7,92.0,6.2,2.6,1.1,0.9,1.6,0.7,38.0,Y
277,251,24055,M,73.0,4.3,67.0,10.3,4.2,1.9,1.95,9.9,0.7,34.0,Y
278,254,24056,M,55.0,3.8,46.0,6.0,4.3,1.5,1.0,2.6,0.7,35.0,Y
279,257,24057,M,56.0,3.5,60.0,7.6,4.7,1.3,0.9,3.3,0.6,26.0,Y
280,258,34326,M,55.0,3.8,46.0,6.0,4.3,1.5,1.0,2.6,0.7,35.0,Y
281,260,24058,M,60.0,3.5,60.0,7.6,4.7,1.3,0.9,3.3,0.6,37.0,Y
282,263,24059,F,53.0,4.5,68.0,6.9,5.4,3.8,1.9,3.0,0.7,39.0,Y
284,306,5474,M,73.0,4.3,67.0,10.3,4.2,1.9,1.95,9.9,0.7,34.0,Y
285,536,34327,M,54.0,5.0,67.0,6.9,3.8,1.7,1.1,3.0,0.7,33.0,Y
286,577,34328,F,53.0,4.5,68.0,6.9,5.4,3.8,1.9,3.0,0.7,39.0,Y
287,655,34329,M,61.0,5.7,92.0,6.2,2.6,1.1,0.9,2.0,0.7,38.0,Y
288,734,34330,M,60.0,3.5,60.0,7.6,4.7,1.3,0.9,3.3,0.6,37.0,Y
289,37,34233,F,54.0,1.2,25.0,7.9,2.0,1.9,0.9,2.5,0.7,33.0,Y
290,159,12779,F,66.0,3.2,46.0,8.5,4.2,1.0,1.4,2.4,0.4,26.0,Y
291,269,24061,F,66.0,3.2,46.0,8.5,4.2,1.0,1.4,2.4,0.4,26.0,Y
292,272,24062,F,52.0,2.0,34.0,5.8,6.0,1.2,1.1,2.0,0.5,33.0,Y
293,462,34331,F,52.0,2.0,34.0,5.8,6.0,1.2,1.1,2.0,0.5,33.0,Y
294,15,23976,F,61.0,4.3,56.0,12.1,4.4,2.0,1.0,2.5,0.9,29.0,Y
295,275,24063,M,55.0,2.9,44.0,9.8,4.1,1.0,1.1,2.1,0.5,29.0,Y
296,278,24064,M,56.0,3.2,33.0,6.8,4.9,2.5,0.5,3.4,1.1,32.0,Y
297,281,24065,M,55.0,5.4,85.0,9.7,5.2,1.8,1.3,3.2,0.8,30.0,Y
298,282,34332,M,56.0,3.2,33.0,6.8,4.9,2.5,0.5,3.4,1.1,32.0,Y
299,405,47552,M,55.0,5.4,85.0,9.7,5.2,1.8,1.3,3.2,0.8,30.0,Y
300,463,41420,M,55.0,2.9,44.0,9.8,4.1,1.0,1.1,2.1,0.5,29.0,Y
301,3,23972,F,56.0,4.0,45.0,9.2,4.1,0.6,1.3,1.4,0.9,30.0,Y
302,36,23983,M,66.0,4.1,63.0,10.1,3.6,5.1,0.9,2.5,0.9,30.0,Y
303,46,24033,F,66.0,14.1,146.0,8.7,5.8,3.3,1.0,3.4,1.5,33.0,Y
304,59,27988,F,56.0,5.5,48.0,9.3,5.8,2.4,0.9,3.9,1.1,36.6,Y
305,91,46374,M,55.0,3.7,93.0,7.2,3.2,1.9,0.6,1.8,0.8,30.0,Y
306,120,34333,F,59.0,4.7,55.0,7.0,3.4,1.8,1.1,1.8,0.8,26.0,Y
307,284,24066,M,55.0,3.7,93.0,7.2,3.2,1.9,0.6,1.8,0.8,30.0,Y
308,287,24067,F,59.0,4.7,55.0,7.0,3.4,1.8,1.1,1.8,0.8,26.0,Y
309,290,24068,M,54.0,9.9,159.0,8.8,5.2,1.6,1.0,3.5,0.7,27.0,Y
310,293,24069,F,66.0,14.1,146.0,8.7,5.8,3.3,1.0,3.4,1.5,33.0,Y
311,296,24070,F,56.0,5.5,48.0,9.3,5.8,2.4,0.9,3.9,1.1,30.0,Y
312,299,24071,F,56.0,5.5,48.0,9.3,5.8,2.4,0.9,3.9,1.1,36.6,Y
313,302,24072,M,60.0,6.5,30.0,9.0,5.9,3.4,0.8,3.7,0.5,30.0,Y
314,305,24073,M,57.0,9.3,69.0,8.0,6.1,3.0,1.1,2.0,1.4,28.0,Y
315,308,24074,M,54.0,5.5,69.0,11.0,6.3,6.8,0.7,2.4,3.1,29.0,Y
316,475,34334,M,54.0,9.9,159.0,8.8,5.2,1.6,1.0,3.5,0.7,27.0,Y
317,484,3451,F,56.0,5.5,48.0,9.3,5.8,2.4,0.9,3.9,1.1,30.0,Y
318,528,34335,M,57.0,9.3,69.0,8.0,6.1,3.0,1.1,2.0,1.4,28.0,Y
319,723,34336,M,54.0,5.5,69.0,11.0,6.3,6.8,0.7,2.4,3.1,29.0,Y
320,730,34337,M,60.0,6.5,30.0,9.0,5.9,3.4,0.8,3.7,0.5,30.0,Y
321,21,23978,M,59.0,4.2,56.0,10.5,4.9,2.1,1.1,2.5,0.9,28.0,Y
322,160,34338,M,60.0,3.9,49.0,6.4,4.0,2.3,1.0,2.0,1.0,31.0,Y
323,184,45431,F,55.0,11.7,136.0,9.6,5.2,1.5,1.1,3.5,0.7,29.0,Y
324,273,34339,F,61.0,3.3,31.0,7.2,5.8,2.6,1.6,0.9,1.5,36.0,Y
325,311,24075,F,51.0,4.3,53.0,6.1,2.8,2.0,1.2,0.8,0.9,33.0,Y
326,314,24076,M,52.0,7.8,315.0,7.7,3.5,1.3,1.0,1.6,1.4,33.0,Y
327,317,24077,M,63.0,4.9,65.0,7.8,3.6,1.1,1.0,2.1,0.5,33.0,Y
328,320,24078,M,60.0,3.9,49.0,6.4,4.0,2.3,1.0,2.0,1.0,31.0,Y
329,323,24079,F,55.0,5.6,58.0,10.6,4.0,3.1,1.0,2.6,1.4,35.0,Y
330,326,24080,F,51.0,3.4,31.0,7.0,4.5,0.6,1.1,3.1,0.3,39.0,Y
331,329,24081,F,55.0,11.7,136.0,9.6,5.2,1.5,1.1,3.5,0.7,29.0,Y
332,332,24082,F,61.0,3.3,31.0,7.2,5.8,2.6,1.6,0.9,1.5,36.0,Y
333,423,825,F,51.0,4.3,53.0,6.1,2.8,2.0,1.2,0.8,0.9,33.0,Y
334,427,34340,M,63.0,4.9,65.0,7.8,3.6,1.1,1.0,2.1,0.5,33.0,Y
335,503,34341,F,55.0,5.6,58.0,10.6,4.0,3.1,1.0,2.6,1.4,35.0,Y
336,546,34342,M,52.0,7.8,315.0,7.7,3.5,1.3,1.0,1.6,1.4,33.0,Y
337,597,3275,M,55.0,5.4,56.0,7.9,4.9,2.1,1.1,2.5,0.9,28.0,Y
338,778,34343,F,51.0,3.4,31.0,7.0,4.5,0.6,1.1,3.1,0.3,39.0,Y
339,6,23973,F,61.0,5.1,72.0,11.5,4.4,2.1,1.1,2.5,0.9,26.0,Y
340,65,46123,M,55.0,4.6,77.0,6.5,6.0,1.5,1.3,4.1,0.6,30.0,Y
341,73,9575,M,55.0,4.8,63.0,5.7,3.4,0.7,1.1,2.0,0.3,30.1,Y
342,177,34344,M,58.0,4.8,60.0,5.5,0.6,2.5,1.1,2.0,0.6,38.0,Y
343,222,34345,F,55.0,5.1,66.0,7.1,4.0,1.5,1.4,1.9,0.6,37.0,Y
344,297,34346,M,54.0,4.2,48.0,6.5,2.4,1.0,1.0,0.9,0.7,33.0,Y
345,335,24083,M,58.0,4.8,60.0,5.5,0.6,2.5,1.1,2.0,0.6,38.0,Y
346,338,24084,M,54.0,4.2,48.0,6.5,2.4,1.0,1.0,0.9,0.7,33.0,Y
347,341,24085,M,55.0,4.8,63.0,5.7,3.4,0.7,1.1,2.0,0.3,30.1,Y
348,344,24086,M,55.0,4.8,63.0,6.7,3.4,0.7,1.1,2.0,0.3,30.0,Y
349,347,24087,F,55.0,5.1,66.0,7.1,4.0,1.5,1.4,1.9,0.6,37.0,Y
350,350,24088,M,55.0,4.6,77.0,6.5,6.0,1.5,1.3,4.1,0.6,30.0,Y
351,353,24089,M,55.0,4.6,77.0,6.5,6.0,1.5,1.3,4.1,0.6,30.0,Y
352,356,24090,M,53.0,3.0,48.0,9.5,7.2,2.0,1.9,2.0,0.7,32.0,Y
353,488,5609,M,55.0,4.6,77.0,6.5,6.0,1.5,1.3,4.1,0.6,30.0,Y
354,508,6578,M,55.0,4.8,63.0,6.7,3.4,0.7,1.1,2.0,0.3,30.0,Y
355,616,34347,M,53.0,3.0,48.0,9.5,7.2,2.0,1.9,2.0,0.7,32.0,Y
356,42,23985,F,58.0,4.3,56.0,9.1,4.4,2.0,1.0,2.5,0.9,29.0,Y
357,100,8109,F,56.0,2.3,36.0,10.2,4.8,1.0,1.4,2.9,0.4,30.0,Y
358,163,34348,M,61.0,4.7,58.0,6.4,4.4,2.1,0.7,2.9,0.9,26.0,Y
359,359,24091,M,61.0,4.7,58.0,6.4,4.4,2.1,0.7,2.9,0.9,26.0,Y
360,362,24092,F,56.0,2.3,36.0,10.2,4.8,1.0,1.4,2.9,0.4,30.0,Y
361,365,24093,F,55.0,2.3,36.0,10.2,4.8,1.0,1.4,2.9,0.4,36.6,Y
362,368,24094,F,60.0,3.0,42.0,6.2,5.8,0.9,1.0,4.4,0.4,27.0,Y
363,509,34349,F,60.0,3.0,42.0,6.2,5.8,0.9,1.0,4.4,0.4,27.0,Y
364,521,9896,F,55.0,2.3,36.0,10.2,4.8,1.0,1.4,2.9,0.4,36.6,Y
365,47,34350,M,52.0,8.0,66.0,11.0,4.0,1.1,0.8,3.5,0.8,28.0,Y
366,270,34351,M,56.0,4.1,68.0,9.0,7.2,3.7,0.7,5.0,1.6,29.0,Y
367,354,47295,F,51.0,3.4,49.0,10.7,7.0,2.7,1.0,4.8,1.2,26.0,Y
368,371,24095,M,52.0,8.0,66.0,11.0,4.0,1.1,0.8,3.5,0.8,28.0,Y
369,374,24096,M,59.0,20.0,65.0,6.2,4.6,1.3,0.9,3.1,0.6,30.0,Y
370,377,24097,F,68.0,5.7,71.0,7.0,5.0,1.7,0.8,3.5,0.8,36.6,Y
371,380,24098,M,55.0,4.66,95.0,7.0,5.3,2.03,1.2,3.2,14.0,29.36,Y
372,383,24099,F,51.0,3.4,49.0,10.7,7.0,2.7,1.0,4.8,1.2,26.0,Y
373,386,24100,M,56.0,4.1,68.0,9.0,7.2,3.7,0.7,5.0,1.6,29.0,Y
374,430,34352,M,59.0,14.0,65.0,6.2,4.6,1.3,0.9,3.1,0.6,30.0,Y
375,526,5677,F,68.0,5.7,71.0,7.0,5.0,1.7,0.8,3.5,0.8,36.6,Y
376,642,8432454,M,55.0,4.66,95.0,7.0,5.3,2.03,1.2,3.2,14.0,29.36,Y
377,55,34353,F,54.0,4.3,55.0,11.0,3.4,3.0,0.9,3.5,0.9,31.0,Y
378,56,39550,F,54.0,4.3,44.0,7.6,5.4,2.0,1.0,3.5,0.9,30.0,Y
379,75,23996,M,59.0,5.2,56.0,10.9,4.9,2.1,1.1,2.5,0.9,28.0,Y
380,118,23268,M,55.0,5.7,76.0,6.8,5.5,1.5,0.7,4.1,0.7,29.0,Y
381,307,34354,M,57.0,5.3,66.0,7.9,3.7,2.9,1.1,5.5,1.3,36.0,Y
382,339,5980,M,77.0,6.2,99.0,7.2,3.2,1.1,0.8,2.0,0.5,29.0,Y
383,372,34355,F,54.0,3.5,66.0,8.0,4.8,2.0,2.4,1.6,0.9,33.0,Y
384,389,24101,M,77.0,6.2,99.0,7.2,3.2,1.1,0.8,2.0,0.5,29.0,Y
385,392,24102,M,55.0,3.7,93.0,7.2,3.2,1.9,0.6,1.8,0.8,31.0,Y
386,395,24103,F,54.0,4.3,55.0,11.0,3.4,3.0,0.9,3.5,0.9,31.0,Y
387,398,24104,M,57.0,5.3,66.0,7.9,3.7,2.9,1.1,5.5,1.3,36.0,Y
388,401,24105,M,55.0,5.66,61.0,7.7,4.7,1.19,1.1,3.1,8.1,32.9,Y
389,404,24106,M,60.0,6.2,87.0,4.8,4.8,1.6,0.8,1.2,0.5,35.0,Y
390,407,24107,F,54.0,3.5,66.0,8.0,4.8,2.0,2.4,1.6,0.9,33.0,Y
391,410,24108,F,54.0,4.3,44.0,7.6,5.4,2.0,1.0,3.5,0.9,27.3,Y
392,413,24109,F,54.0,4.3,44.0,7.6,5.4,2.0,1.0,3.5,0.9,30.0,Y
393,416,24110,M,55.0,5.7,76.0,6.8,5.5,1.5,0.7,4.1,0.7,29.0,Y
394,419,24111,M,55.0,5.7,76.0,6.8,5.5,1.5,0.7,4.1,0.7,29.0,Y
395,483,4567,F,54.0,4.3,44.0,7.6,5.4,2.0,1.0,3.5,0.9,27.3,Y
396,516,7898,M,55.0,3.7,93.0,7.2,3.2,1.9,0.6,1.8,0.8,31.0,Y
397,530,33450,M,55.0,5.7,76.0,6.8,5.5,1.5,0.7,4.1,0.7,29.0,Y
398,563,34356,M,60.0,6.2,87.0,4.8,4.8,1.6,0.8,1.2,0.5,35.0,Y
399,615,905146,M,55.0,5.66,61.0,7.7,4.7,1.19,1.1,3.1,8.1,32.9,Y
400,422,24112,M,55.0,6.66,73.0,10.9,3.5,3.2,0.9,1.3,22.2,43.25,Y
401,425,24113,M,60.0,5.7,76.0,6.8,5.5,1.5,0.7,4.1,0.7,33.0,Y
402,428,24114,M,55.0,3.66,67.0,7.0,5.6,1.91,1.3,3.5,13.1,39.18,Y
403,628,8554,M,55.0,3.66,67.0,7.0,5.6,1.91,1.3,3.5,13.1,39.18,Y
404,635,754338,M,55.0,6.66,73.0,10.9,3.5,3.2,0.9,1.3,22.2,43.25,Y
405,783,34357,M,60.0,5.7,76.0,6.8,5.5,1.5,0.7,4.1,0.7,33.0,Y
406,135,34358,F,61.0,10.5,111.0,8.2,3.8,3.0,0.9,1.7,1.3,39.0,Y
407,431,24115,F,61.0,10.5,111.0,8.2,3.8,3.0,0.9,1.7,1.3,39.0,Y
408,432,34359,F,63.0,2.4,66.0,7.4,7.1,4.1,1.5,3.8,1.0,38.0,Y
409,434,24116,F,63.0,2.4,66.0,7.4,7.1,4.1,1.5,3.8,1.0,38.0,Y
410,437,24117,M,55.0,7.0,56.0,9.1,3.7,1.9,0.7,2.3,0.9,30.0,Y
411,440,24118,F,55.0,3.0,41.0,4.3,4.6,0.7,1.8,1.1,1.3,37.0,Y
412,443,24119,F,52.0,6.4,88.0,8.5,8.5,0.8,6.6,1.3,1.3,33.0,Y
413,486,2341,M,55.0,7.0,56.0,9.1,3.7,1.9,0.7,2.3,0.9,30.0,Y
414,707,34360,F,55.0,3.0,41.0,4.3,4.6,0.7,1.8,1.1,1.3,37.0,Y
415,787,34361,F,52.0,6.4,88.0,8.5,8.5,0.8,6.6,1.3,1.3,33.0,Y
416,62,46059,M,55.0,7.0,56.0,9.1,3.7,1.9,0.7,2.3,0.9,27.0,Y
417,444,23972,M,55.0,3.2,56.0,8.0,4.0,2.6,1.2,1.7,1.7,30.0,Y
418,446,24120,M,55.0,7.0,56.0,9.1,3.7,1.9,0.7,2.3,0.9,27.0,Y
419,449,24121,M,55.0,3.2,56.0,8.0,4.0,2.6,1.2,1.7,1.7,30.0,Y
420,511,34362,F,51.0,5.6,49.0,6.5,4.1,2.1,0.7,2.5,0.9,32.0,Y
421,598,8971,M,61.0,5.9,56.0,8.2,4.9,2.1,1.1,2.5,0.9,28.0,Y
422,651,34363,F,58.0,3.9,40.0,11.4,4.1,1.0,0.9,1.7,1.7,26.0,Y
423,63,23992,F,66.0,5.5,56.0,9.9,4.4,2.0,1.0,2.5,0.9,29.0,Y
424,478,4356,M,54.0,6.3,87.0,8.2,2.3,0.7,0.8,1.2,0.3,29.0,Y
425,601,2345,M,55.0,4.16,60.0,7.6,6.5,2.1,1.3,4.3,14.5,34.5,Y
426,33,23982,M,62.0,4.1,63.0,9.5,3.6,5.1,0.9,2.5,0.9,30.0,Y
427,74,34364,M,55.0,5.5,74.0,8.0,4.3,1.6,0.8,3.6,0.6,27.0,Y
428,92,34365,M,54.0,3.4,38.0,9.3,5.3,3.3,1.0,1.4,1.3,28.0,Y
429,137,24017,M,51.0,10.4,76.0,7.3,3.3,2.0,1.6,1.2,0.9,33.0,Y
430,156,25368,F,60.0,4.5,39.0,8.7,5.2,2.1,0.8,3.6,0.9,27.0,Y
431,549,34366,M,53.0,5.6,72.0,9.0,8.8,4.3,1.5,3.5,1.2,29.0,Y
432,578,632,M,52.0,5.4,56.0,7.9,4.9,2.1,1.1,2.5,0.9,28.0,Y
433,417,34367,M,61.0,3.0,39.0,9.0,3.9,0.7,0.8,2.8,0.3,30.0,Y
434,445,34368,M,60.0,5.1,60.0,11.0,4.5,1.7,0.9,2.9,0.7,31.0,Y
435,467,34369,F,52.0,7.6,84.0,8.1,4.2,2.0,0.7,2.6,0.9,36.0,Y
436,738,34370,F,56.0,1.9,20.0,11.7,5.5,5.3,0.9,1.3,1.2,33.0,Y
437,49,46203,M,54.0,6.3,87.0,8.2,2.3,0.7,0.8,1.2,0.3,34.0,Y
438,238,344454,M,60.0,4.0,63.0,12.0,3.6,5.1,0.9,2.5,0.9,30.0,Y
439,594,6632,M,58.0,5.2,63.0,7.5,3.6,5.1,0.9,2.5,0.9,30.0,Y
440,608,66624,M,55.0,3.33,79.0,9.7,4.1,2.03,1.08,2.2,14.0,33.6,Y
441,81,23998,F,55.0,4.0,72.0,11.0,4.4,2.1,1.1,2.5,0.9,26.0,Y
442,771,34371,F,59.0,3.5,48.0,8.0,6.3,2.7,0.9,1.6,0.3,35.0,Y
443,158,24024,M,61.0,5.9,56.0,8.2,4.9,2.1,1.1,2.5,0.9,28.0,Y
444,587,34372,M,54.0,6.1,63.0,10.1,5.2,2.3,0.9,0.9,1.1,33.0,Y
445,653,34373,F,57.0,4.5,73.0,9.4,5.1,2.4,0.8,2.0,1.1,39.0,Y
446,22,34374,F,54.0,8.5,59.0,7.9,4.8,2.4,1.8,2.0,1.1,38.0,Y
447,220,34375,M,60.0,5.1,59.0,9.0,4.5,1.6,6.3,2.0,1.0,37.0,Y
448,234,23456,F,55.0,4.0,72.0,11.0,4.4,2.1,1.1,2.5,0.9,26.0,Y
449,241,34376,M,60.0,4.5,62.0,9.4,4.1,1.6,1.1,5.6,1.0,33.0,Y
450,593,34377,F,61.0,5.2,64.0,10.3,7.3,3.3,1.0,3.1,1.5,32.0,Y
451,196,48609,F,55.0,2.7,53.0,7.3,4.1,3.3,0.9,2.1,1.5,29.0,Y
452,300,34378,M,63.0,4.3,42.0,9.0,4.2,3.4,0.9,2.0,1.0,26.0,Y
453,396,34379,M,55.0,4.6,54.0,6.8,4.9,2.2,0.7,3.3,1.0,27.0,Y
454,447,34380,M,52.0,4.4,61.0,9.0,5.9,3.5,0.7,3.6,1.6,28.0,Y
455,495,34381,F,51.0,3.0,41.0,8.3,4.0,2.8,0.7,2.1,1.2,29.0,Y
456,629,34382,F,58.0,2.7,53.0,7.3,4.8,3.3,0.9,2.6,1.5,30.0,Y
457,748,34383,F,55.0,4.4,68.0,8.0,4.6,2.2,0.9,2.4,1.0,31.0,Y
458,769,34384,F,54.0,8.6,75.0,8.9,4.6,2.6,0.9,1.3,1.0,36.0,Y
459,51,23988,M,51.0,6.1,56.0,8.0,4.9,2.1,1.1,2.5,0.9,28.0,Y
460,111,24008,F,58.0,5.0,62.0,9.3,5.8,3.6,1.1,1.9,0.6,31.0,Y
461,202,34265,F,63.0,4.8,52.0,8.9,4.8,1.5,1.0,3.1,0.6,28.0,Y
462,657,34385,M,53.0,7.8,64.0,8.0,6.4,3.5,1.7,2.0,1.0,33.0,Y
463,112,34386,F,61.0,4.1,55.0,8.5,4.8,2.2,1.4,2.0,1.0,35.0,Y
464,151,40468,M,54.0,4.7,78.0,7.3,3.6,1.7,0.8,2.1,0.7,29.0,Y
465,757,34387,M,60.0,3.0,55.0,7.7,4.2,4.9,1.6,1.7,1.0,33.0,Y
466,139,49040,M,53.0,2.0,55.0,7.7,4.4,3.3,0.9,2.1,1.5,27.0,Y
467,261,34388,M,52.0,3.9,44.0,11.0,3.4,1.2,0.9,3.6,1.0,39.0,Y
468,265,34389,M,56.0,2.0,55.0,7.7,4.4,3.3,0.9,2.1,1.5,38.0,Y
469,336,41096,M,55.0,5.5,72.0,8.9,5.3,3.3,0.95,3.1,1.5,30.0,Y
470,355,34390,F,59.0,5.1,87.0,7.6,5.9,2.1,1.6,1.7,1.5,37.0,Y
471,542,98023,M,53.0,2.0,55.0,7.7,4.4,3.3,0.9,2.1,1.5,32.0,Y
472,613,94345,M,55.0,4.0,71.0,6.9,4.8,2.2,1.1,2.8,15.4,34.05,Y
473,683,34391,F,54.0,6.0,61.0,8.0,5.2,3.4,3.2,1.5,1.5,33.0,Y
474,30,23981,F,54.0,1.2,25.0,7.9,2.0,1.9,0.9,2.5,0.7,33.0,Y
475,244,34392,F,57.0,7.7,62.0,8.6,3.3,1.4,1.1,1.6,0.6,32.0,Y
476,406,34393,M,54.0,3.7,87.0,8.0,4.5,2.2,0.5,3.1,1.0,26.0,Y
477,408,47555,M,57.0,6.4,75.0,7.3,6.1,4.3,1.2,3.7,1.9,30.1,Y
478,793,34394,M,60.0,2.7,35.0,9.0,4.4,2.0,0.6,3.0,0.9,27.0,Y
479,798,34516,M,60.0,2.7,35.0,9.0,4.4,2.0,0.6,3.0,0.9,27.0,Y
480,13,34395,F,60.0,5.4,47.0,6.8,5.1,2.1,1.1,3.0,1.0,28.0,Y
481,17,34396,M,61.0,3.8,62.0,8.9,6.8,4.3,1.2,3.9,1.9,29.0,Y
482,45,23986,M,57.0,4.1,63.0,9.7,3.6,5.1,0.9,2.5,0.9,30.0,Y
483,192,34397,M,63.0,3.9,58.0,6.4,4.8,2.0,1.4,2.0,0.9,30.0,Y
484,346,41079,M,55.0,4.0,71.0,7.8,4.2,3.7,1.2,1.3,1.7,33.0,Y
485,384,47478,F,52.0,8.6,87.0,11.3,6.9,2.6,1.2,2.0,1.1,30.0,Y
486,460,34398,M,55.0,8.6,73.0,10.2,3.9,2.0,1.5,1.5,0.9,31.0,Y
487,5,35150,M,63.0,7.0,84.0,8.1,6.0,2.2,1.1,4.0,1.0,28.0,Y
488,54,23989,F,63.0,4.2,72.0,9.3,4.4,2.1,1.1,2.5,0.9,26.0,Y
489,165,6093,F,58.0,3.3,30.0,10.2,6.3,2.4,1.9,0.75,1.1,27.0,Y
490,387,17416,M,56.0,5.0,84.0,8.6,5.0,1.7,1.45,1.9,0.7,33.0,Y
491,761,34399,F,52.0,3.6,46.0,10.1,5.2,3.3,0.9,1.7,1.5,36.0,Y
492,763,34400,F,51.0,3.1,36.0,6.8,2.9,1.0,1.0,1.7,1.5,33.0,Y
493,262,47889,M,55.0,4.1,86.0,10.0,4.9,0.7,1.2,3.4,0.4,30.0,Y
494,397,47514,M,55.0,2.7,39.0,11.7,3.9,0.6,1.3,2.3,0.2,30.0,Y
495,681,34401,F,58.0,4.5,53.0,9.0,5.5,3.2,3.2,1.4,1.5,35.0,Y
496,749,34402,M,55.0,4.1,86.0,10.0,4.9,0.7,1.2,3.4,0.4,33.0,Y
497,321,34403,F,54.0,2.5,35.0,10.7,5.6,3.0,1.1,4.2,1.4,39.0,Y
498,381,32336,M,58.0,5.9,61.0,8.0,4.3,2.4,0.9,2.0,1.1,29.0,Y
499,727,34404,M,53.0,5.5,60.0,5.8,5.4,2.2,1.6,0.95,1.5,38.0,Y
500,27,23980,M,52.0,5.4,56.0,7.9,4.9,2.1,1.1,2.5,0.9,28.0,Y
501,79,46202,M,55.0,4.9,56.0,7.7,3.0,0.3,1.3,1.5,0.1,30.0,Y
502,175,45520,F,69.0,14.5,243.0,10.5,5.3,3.8,1.4,2.3,1.7,32.0,Y
503,286,34405,M,61.0,3.1,42.0,7.2,5.8,3.9,1.0,3.1,1.8,37.0,Y
504,512,20098,M,51.0,4.9,56.0,7.7,3.0,0.3,1.3,1.5,0.1,30.0,Y
505,555,34406,M,60.0,14.5,179.0,8.7,5.0,1.8,1.1,1.0,0.8,33.0,Y
506,94,34407,M,52.0,3.4,52.0,8.8,3.5,2.0,2.0,0.9,1.5,32.0,Y
507,147,4369,F,51.0,3.8,38.0,10.0,4.6,1.0,1.3,2.3,0.4,33.0,Y
508,249,48822,M,55.0,4.2,57.0,8.9,5.3,3.1,0.7,3.3,1.4,27.0,Y
509,295,39576,F,56.0,3.8,42.0,9.0,4.0,5.1,1.75,0.96,2.2,26.0,Y
510,394,34408,M,56.0,5.9,68.0,8.0,5.1,2.5,0.7,3.4,1.1,26.0,Y
511,638,744467,M,55.0,3.66,61.0,9.9,5.3,3.3,0.9,3.1,22.7,30.1,Y
512,737,34409,M,59.0,4.2,57.0,8.9,5.3,3.1,0.7,3.3,1.4,27.0,Y
513,14,43261,F,64.0,2.0,35.0,7.9,5.3,3.1,0.9,3.1,1.4,33.0,Y
514,105,24006,F,56.0,5.1,72.0,8.1,4.4,2.1,1.1,2.5,0.9,26.0,Y
515,333,34410,F,54.0,3.8,50.0,10.2,4.7,1.2,1.6,1.7,1.5,28.0,Y
516,369,34411,M,57.0,8.9,120.0,6.3,4.2,3.9,1.4,1.3,1.5,29.0,Y
517,385,34412,M,54.0,6.7,97.0,9.5,6.1,2.3,1.3,1.4,1.5,30.0,Y
518,649,34413,F,60.0,4.9,51.0,7.4,2.6,2.7,0.9,1.2,1.5,31.0,Y
519,677,34414,F,60.0,3.6,36.0,8.3,5.9,2.0,1.0,1.5,1.5,36.0,Y
520,784,34415,F,61.0,4.1,45.0,8.0,4.2,0.9,1.6,1.3,1.5,33.0,Y
521,38,45824,F,54.0,11.3,130.0,7.7,6.3,5.4,0.8,3.3,2.4,33.0,Y
522,84,23999,F,60.0,4.1,56.0,13.1,4.4,2.0,1.0,2.5,0.9,29.0,Y
523,153,45219,M,60.0,5.5,70.0,10.4,9.9,3.5,1.0,7.5,1.5,31.0,Y
524,157,34416,M,63.0,4.4,57.0,11.3,9.8,1.9,1.1,7.9,0.8,35.0,Y
525,557,34417,M,55.0,4.2,68.0,8.3,4.8,3.1,0.4,2.4,1.4,33.0,Y
526,604,876543,M,66.0,5.5,73.0,10.9,9.3,5.1,0.9,6.4,35.0,27.75,Y
527,439,34418,M,52.0,4.9,68.0,10.2,5.9,2.9,1.0,3.6,1.3,39.0,Y
528,493,34419,F,51.0,4.1,78.0,7.2,7.2,5.3,1.0,3.8,2.4,38.0,Y
529,606,54324,M,55.0,5.0,73.0,6.5,4.7,2.1,1.1,2.7,31.0,35.2,Y
530,20,34420,F,58.0,5.8,41.0,9.7,5.0,4.5,1.1,2.2,2.0,37.0,Y
531,376,47415,F,56.0,5.6,45.0,10.8,4.2,2.2,1.0,2.2,1.0,26.0,Y
532,617,64348,M,55.0,4.66,70.0,7.5,7.3,1.6,1.2,5.5,11.3,36.11,Y
533,216,34421,M,55.0,22.0,145.0,8.0,6.7,3.7,1.7,2.0,1.5,33.0,Y
534,477,34422,M,54.0,3.0,40.0,6.0,2.9,1.2,1.0,1.4,0.5,32.0,Y
535,775,34423,M,53.0,2.7,38.0,8.8,4.8,1.3,1.7,1.6,2.0,26.0,Y
536,32,45752,M,68.0,7.1,79.0,9.4,3.7,3.7,0.8,1.4,1.6,31.0,Y
537,232,34424,M,61.0,3.0,42.0,8.0,6.0,3.1,1.0,3.7,1.4,27.0,Y
538,480,7687,M,53.0,5.2,59.0,7.8,4.9,2.1,0.9,3.2,0.9,33.0,Y
539,487,34425,F,60.0,5.9,41.0,6.6,2.8,2.7,0.5,1.1,1.2,28.0,Y
540,767,34426,M,52.0,11.0,26.0,8.3,6.8,3.7,0.9,1.7,1.6,29.0,Y
541,2,44835,M,60.0,2.1,56.0,7.6,3.3,1.7,0.9,1.7,0.8,36.6,Y
542,279,2143,M,51.0,5.5,75.0,10.8,3.9,1.2,1.1,2.3,0.5,36.6,Y
543,618,23457,M,55.0,3.33,68.0,7.2,4.0,2.3,1.05,2.04,16.3,38.62,Y
544,52,2850,M,53.0,5.2,59.0,7.8,4.9,2.1,0.9,3.2,0.9,30.0,Y
545,72,23995,F,63.0,4.8,52.0,8.9,4.8,1.5,1.0,3.1,0.6,28.0,Y
546,180,34427,F,56.0,2.6,68.0,8.0,3.0,2.0,1.1,2.3,0.5,30.0,Y
547,409,34428,F,59.0,3.1,66.0,11.8,3.1,2.2,2.4,2.8,1.0,31.0,Y
548,609,34429,M,54.0,5.0,59.0,9.3,3.8,1.0,1.8,1.0,0.4,36.0,Y
549,60,23991,M,55.0,6.5,72.0,7.4,4.4,1.3,1.0,2.5,0.9,35.0,Y
550,469,34430,F,57.0,3.7,36.0,10.6,5.9,1.6,1.2,4.0,0.7,33.0,Y
551,28,34431,F,54.0,3.4,52.0,12.0,4.4,1.3,1.9,2.0,0.5,35.0,Y
552,96,24003,F,53.0,3.3,48.0,12.8,5.1,3.0,0.9,2.9,1.3,37.0,Y
553,103,1859,M,51.0,3.2,49.0,6.7,4.6,1.2,1.3,2.8,0.5,34.0,Y
554,104,34432,M,60.0,5.6,74.0,2.0,5.2,2.0,1.6,1.8,1.0,33.0,Y
555,378,34433,F,60.0,5.1,45.0,6.3,5.2,1.5,1.6,1.8,1.0,39.0,Y
556,481,34434,M,61.0,0.5,59.0,7.5,4.5,1.8,1.0,2.7,0.8,38.0,Y
557,522,2567,M,55.0,3.2,49.0,6.7,4.6,1.2,1.3,2.8,0.5,30.2,Y
558,776,34435,F,63.0,6.1,46.0,9.8,3.9,0.8,1.8,1.9,1.0,37.0,Y
559,141,49036,M,55.0,2.6,48.0,11.8,5.1,1.2,1.0,3.6,1.6,36.0,Y
560,267,34436,M,55.0,2.6,48.0,11.8,5.1,1.2,1.0,3.6,0.5,33.0,Y
561,280,34437,F,52.0,3.3,37.0,9.0,3.1,1.0,0.8,1.9,0.5,32.0,Y
562,382,34438,M,51.0,3.4,40.0,14.7,2.6,1.1,0.6,1.5,0.5,26.0,Y
563,544,18645,M,55.0,2.6,48.0,11.8,5.1,1.2,1.0,3.6,1.6,30.0,Y
564,559,34439,F,58.0,3.0,50.0,11.9,4.4,1.6,1.0,4.1,1.0,27.0,Y
565,624,356355,M,55.0,6.66,61.0,6.7,2.5,4.9,0.8,0.5,33.6,29.0,Y
566,762,34440,M,55.0,7.8,99.0,7.1,2.7,1.0,0.8,1.4,0.5,28.0,Y
567,29,4035,F,64.0,5.3,48.0,7.3,3.5,1.4,1.1,1.7,0.6,31.0,Y
568,117,34256,M,55.0,6.5,72.0,7.4,4.4,1.3,1.0,2.5,0.9,35.0,Y
569,155,24023,M,55.0,5.4,56.0,7.9,4.9,2.1,1.1,2.5,0.9,28.0,Y
570,80,34441,M,54.0,5.4,84.0,8.1,5.2,3.3,1.4,2.0,1.5,29.0,Y
571,499,34442,F,53.0,4.7,53.0,8.6,6.2,1.7,1.1,4.3,0.8,30.0,Y
572,773,34220,F,56.0,4.0,45.0,9.2,4.1,0.6,1.3,1.4,0.9,30.0,Y
573,268,11868,F,55.0,4.4,48.0,7.7,3.4,0.7,1.0,2.1,0.4,29.0,Y
574,271,48885,M,67.0,7.8,99.0,7.1,2.7,1.0,0.8,1.4,0.5,29.63,Y
575,288,34443,M,61.0,7.8,89.0,10.9,4.9,1.7,1.0,3.2,0.7,31.0,Y
576,403,7363,F,56.0,7.7,68.0,9.8,6.1,3.2,0.7,4.1,1.4,27.0,Y
577,679,34444,F,60.0,3.7,53.0,9.0,5.8,2.0,1.4,2.0,1.5,36.0,Y
578,755,34445,F,52.0,4.4,48.0,7.7,3.4,0.7,1.0,2.1,0.4,33.0,Y
579,766,34446,F,56.0,5.6,46.0,9.1,5.6,5.8,1.6,1.7,1.0,35.0,Y
580,142,34447,F,59.0,6.2,68.0,8.1,5.5,2.2,0.7,2.0,1.5,33.0,Y
581,330,34448,M,54.0,6.8,73.0,7.5,5.1,2.0,1.3,1.4,1.5,39.0,Y
582,720,34449,F,57.0,4.5,68.0,9.0,4.5,4.1,0.7,2.3,1.9,38.0,Y
583,70,34450,M,54.0,5.3,88.0,8.0,5.0,6.7,0.9,2.6,2.6,37.0,Y
584,538,34451,M,60.0,3.3,73.0,9.0,5.1,3.0,1.1,2.6,1.3,33.0,Y
585,556,654,F,67.0,4.5,56.0,13.1,4.4,2.0,1.0,2.5,0.9,29.0,Y
586,695,34452,F,60.0,3.8,34.0,8.3,4.3,3.0,1.4,2.5,2.0,32.0,Y
587,774,34453,F,61.0,13.2,98.0,8.0,6.6,4.5,1.6,0.9,2.0,26.0,Y
588,53,34454,M,63.0,6.6,64.0,9.4,4.0,0.9,0.9,4.0,0.4,27.0,Y
591,501,34456,M,52.0,5.3,56.0,8.8,5.3,2.5,1.1,2.3,1.1,29.0,Y
593,592,8876,M,54.0,5.1,56.0,8.5,4.9,2.1,1.1,2.5,0.9,28.0,Y
594,603,34457,M,51.0,4.0,95.0,7.1,4.2,1.9,0.9,1.1,0.8,30.0,Y
595,167,24027,M,58.0,5.2,63.0,7.5,3.6,5.1,0.9,2.5,0.9,30.0,Y
596,289,23610,M,52.0,5.3,95.0,7.8,4.9,4.9,0.9,2.8,2.2,28.0,Y
597,550,123,F,51.0,4.2,72.0,11.2,4.4,2.1,1.1,2.5,0.9,26.0,Y
598,558,3525,F,61.0,5.1,72.0,11.5,4.4,2.1,1.1,2.5,0.9,26.0,Y
599,584,234,M,59.0,4.2,56.0,10.5,4.9,2.1,1.1,2.5,0.9,28.0,Y
600,66,23993,F,67.0,4.5,56.0,13.1,4.4,2.0,1.0,2.5,0.9,29.0,Y
601,95,46377,F,55.0,4.9,63.0,3.7,6.1,1.6,1.4,4.0,0.7,26.0,Y
602,661,34458,M,58.0,10.0,112.0,9.0,4.5,2.9,1.9,1.5,2.0,31.0,Y
603,667,34459,F,55.0,6.2,52.0,9.3,5.6,3.7,1.3,1.5,2.0,36.0,Y
604,78,23997,M,60.0,4.0,63.0,12.0,3.6,5.1,0.9,2.5,0.9,30.0,Y
605,152,24022,M,60.0,4.2,39.0,8.8,4.5,2.2,1.1,1.4,1.1,34.0,Y
606,517,34460,M,54.0,5.8,76.0,7.3,5.1,1.2,1.8,1.9,0.7,33.0,Y
607,561,34461,F,53.0,10.3,83.0,10.9,7.2,3.4,1.8,4.1,1.0,35.0,Y
608,585,34462,F,61.0,3.0,40.0,12.4,4.7,1.5,0.9,1.0,0.7,33.0,Y
609,116,24010,M,62.0,5.0,63.0,12.2,3.6,5.1,0.9,2.5,0.9,30.0,Y
610,90,24001,F,55.0,4.0,56.0,13.7,4.4,2.0,1.0,2.5,0.9,37.0,Y
611,149,24021,F,51.0,4.2,72.0,11.2,4.4,2.1,1.1,2.5,0.9,26.0,Y
612,164,24026,M,63.0,5.9,63.0,7.1,3.6,5.1,0.9,2.5,0.9,30.0,Y
613,518,2348,F,55.0,4.9,63.0,3.7,6.1,1.6,1.4,4.0,0.7,34.0,Y
614,259,43494,F,57.0,3.2,31.0,11.9,6.1,2.6,0.9,4.1,1.1,30.1,Y
615,747,34463,F,60.0,3.2,31.0,11.9,6.1,2.6,0.9,4.1,1.1,39.0,Y
616,23,26062,F,70.0,5.5,38.0,8.7,5.9,1.3,1.4,0.75,0.6,30.0,Y
617,171,42329,F,79.0,5.2,54.0,9.2,6.4,3.0,1.1,4.1,1.3,30.0,Y
618,204,5237,F,54.0,5.3,45.0,9.0,5.7,3.3,0.8,3.6,1.5,27.0,Y
619,448,1645,F,66.0,4.9,41.0,5.7,5.2,1.4,0.9,2.3,0.5,30.0,Y
620,687,34464,F,52.0,5.3,45.0,9.0,5.7,3.3,3.6,1.5,1.0,38.0,Y
621,298,47157,M,68.0,7.4,98.0,12.9,8.8,4.5,1.1,5.6,2.1,29.0,Y
622,83,34465,F,56.0,4.7,55.0,12.6,7.9,5.0,1.3,1.6,1.0,37.0,Y
623,352,35706,F,55.0,2.9,41.0,9.5,5.9,1.7,1.2,3.6,0.8,26.0,Y
624,451,34466,M,59.0,6.8,62.0,8.9,4.5,1.2,0.9,3.1,0.5,33.0,Y
625,541,34467,M,54.0,4.9,66.0,8.7,5.7,2.3,1.1,2.3,1.0,32.0,Y
626,553,244,M,54.0,4.3,63.0,12.1,3.6,5.1,0.9,2.5,0.9,30.0,Y
627,565,743,F,66.0,5.5,56.0,9.9,4.4,2.0,1.0,2.5,0.9,29.0,Y
628,582,567,M,62.0,4.1,63.0,9.5,3.6,5.1,0.9,2.5,0.9,30.0,Y
629,590,7845,M,57.0,4.1,63.0,9.7,3.6,5.1,0.9,2.5,0.9,30.0,Y
630,752,34468,M,57.0,7.4,43.0,9.0,3.9,1.4,0.7,2.6,0.6,26.0,Y
631,98,34469,F,54.0,3.8,32.0,10.8,3.4,0.8,1.4,1.6,1.5,27.0,Y
632,121,48925,M,76.0,5.9,56.0,10.9,4.6,7.0,0.6,1.3,3.1,33.0,Y
633,170,24028,M,54.0,4.3,63.0,12.1,3.6,5.1,0.9,2.5,0.9,30.0,Y
634,309,34272,F,53.0,3.3,48.0,12.8,5.1,3.0,0.9,2.9,1.3,37.0,Y
635,532,3592,M,76.0,5.9,56.0,10.9,4.6,7.0,0.6,1.3,3.1,31.0,Y
636,610,85653,M,55.0,6.833,64.0,6.7,4.8,2.8,0.9,2.7,19.5,27.0,Y
637,659,34470,F,60.0,4.9,45.0,10.6,6.7,5.9,0.9,1.9,1.5,28.0,Y
638,724,34471,F,60.0,3.8,44.0,9.4,7.0,2.2,0.5,1.0,1.5,29.0,Y
639,782,34472,M,61.0,5.9,56.0,10.9,4.6,7.0,0.6,1.3,3.1,30.0,Y
640,8,45703,M,51.0,3.9,53.0,10.9,3.6,1.1,0.8,2.3,1.0,29.0,Y
641,11,45702,F,54.0,7.0,72.0,7.6,4.9,2.8,0.8,3.0,1.2,31.0,Y
642,246,48817,M,56.0,6.3,87.0,12.4,5.0,2.3,0.8,3.2,1.0,26.0,Y
643,736,34473,M,63.0,6.3,87.0,12.4,5.0,2.3,0.8,3.2,1.0,31.0,Y
644,34,34474,M,55.0,3.6,74.0,11.7,6.0,3.3,1.0,3.0,1.3,36.0,Y
645,93,24002,M,59.0,4.0,56.0,10.0,4.9,2.1,1.1,2.5,0.9,28.0,Y
646,240,345454,M,59.0,4.0,56.0,10.0,4.9,2.1,1.1,2.5,0.9,28.0,Y
647,128,24014,M,54.0,5.1,56.0,8.5,4.9,2.1,1.1,2.5,0.9,28.0,Y
648,133,47768,M,55.0,11.1,139.0,10.8,4.8,2.2,0.9,3.0,1.0,26.0,Y
649,358,34475,M,52.0,4.1,139.0,10.8,4.8,2.2,0.9,3.0,1.0,33.0,Y
650,539,14560,M,55.0,11.1,139.0,10.8,4.8,2.2,0.9,3.0,1.0,31.0,Y
651,570,5325,M,51.0,6.1,56.0,8.0,4.9,2.1,1.1,2.5,0.9,28.0,Y
652,589,355,F,60.0,6.0,72.0,10.7,4.4,2.1,1.1,2.5,0.9,26.0,Y
653,791,34476,M,51.0,3.7,58.0,9.0,6.2,1.5,1.6,1.7,1.5,35.0,Y
654,796,34514,M,51.0,3.7,58.0,9.0,6.2,1.5,1.6,1.7,1.5,35.0,Y
655,310,47177,M,55.0,6.7,56.0,10.6,6.2,1.6,1.35,0.95,0.6,36.6,Y
656,327,43671,F,62.0,9.6,66.0,10.7,5.3,2.7,0.7,2.1,1.2,29.0,Y
657,88,34477,M,58.0,5.3,62.0,10.2,4.1,3.8,1.1,1.3,1.5,33.0,Y
658,178,1218,F,67.0,3.2,38.0,8.7,5.0,3.0,1.1,2.7,1.3,30.0,Y
659,337,34478,F,55.0,2.1,39.0,8.5,4.4,1.9,1.5,1.6,1.5,39.0,Y
660,360,34479,F,54.0,3.7,38.0,11.6,4.7,4.0,0.8,2.3,1.8,38.0,Y
661,361,11590,F,55.0,2.6,36.0,8.4,6.3,1.5,2.6,1.9,0.6,30.0,Y
662,631,98776,M,55.0,6.5,65.0,10.2,10.3,2.6,1.03,5.9,18.1,30.1,Y
663,441,34480,F,53.0,3.9,45.0,11.5,5.2,2.2,1.2,3.6,1.0,37.0,Y
664,554,345,M,55.0,4.4,56.0,10.0,4.9,2.1,1.1,2.5,0.9,28.0,Y
665,562,574,M,59.0,5.2,56.0,10.9,4.9,2.1,1.1,2.5,0.9,28.0,Y
666,581,886,F,56.0,5.1,72.0,8.1,4.4,2.1,1.1,2.5,0.9,26.0,Y
667,591,34481,F,61.0,2.5,45.0,11.6,9.7,13.8,1.0,3.1,6.3,33.0,Y
668,623,34482,F,60.0,4.8,39.0,13.0,6.9,2.7,1.6,1.7,1.5,32.0,Y
669,89,32625,M,55.0,5.2,67.0,5.5,5.9,2.0,0.8,4.2,0.9,30.0,Y
670,291,43604,F,59.0,4.8,45.0,10.6,5.2,2.6,1.4,1.7,1.2,30.0,Y
671,514,3247,M,55.0,5.2,67.0,7.5,5.9,2.0,0.8,4.2,0.9,29.0,Y
672,586,856,F,61.0,4.3,56.0,12.1,4.4,2.0,1.0,2.5,0.9,29.0,Y
673,71,42564,M,54.0,3.4,57.0,9.7,5.4,2.4,0.8,3.6,1.1,31.0,Y
674,507,4509,M,54.0,3.4,57.0,9.7,5.4,2.4,0.8,3.6,1.1,27.0,Y
675,574,1289,F,63.0,4.2,72.0,9.3,4.4,2.1,1.1,2.5,0.9,26.0,Y
676,235,34483,M,52.0,4.7,56.0,10.2,4.7,1.7,1.2,2.8,0.7,26.0,Y
677,334,22261,F,51.0,2.5,45.0,7.4,5.2,4.9,1.0,0.95,2.2,29.0,Y
678,465,34484,F,56.0,2.3,22.0,10.2,5.8,2.0,1.1,1.8,0.9,27.0,Y
679,513,34485,M,59.0,4.5,59.0,12.5,5.7,2.7,1.2,3.3,1.2,28.0,Y
680,595,34486,M,54.0,7.4,84.0,10.7,4.1,2.2,0.9,2.2,1.0,29.0,Y
681,575,34487,M,57.0,5.7,69.0,6.3,5.2,2.6,1.1,1.2,1.2,30.0,Y
682,751,34488,F,54.0,8.7,120.0,8.1,4.0,1.8,1.7,1.8,1.5,31.0,Y
683,213,34303,M,51.0,10.4,76.0,7.3,3.3,2.0,1.0,1.2,0.9,33.0,Y
684,506,34304,M,60.0,4.2,39.0,8.8,4.5,2.2,0.8,1.4,1.1,34.0,Y
685,573,34489,M,60.0,5.7,74.0,12.7,4.5,2.1,0.9,1.8,0.9,36.0,Y
686,473,34490,M,60.0,5.0,55.0,10.0,4.5,1.3,0.9,3.0,0.6,33.0,Y
687,560,35256,M,62.0,5.0,63.0,12.2,3.6,5.1,0.9,2.5,0.9,30.0,Y
688,459,48353,M,67.0,13.3,107.0,7.1,3.0,2.2,0.8,1.3,1.0,27.0,Y
689,643,34491,M,61.0,6.0,72.0,9.0,4.5,2.7,3.8,1.2,1.5,35.0,Y
690,663,34492,F,63.0,7.9,80.0,8.0,4.7,1.5,1.9,1.9,1.5,33.0,Y
691,214,27458,F,55.0,4.5,34.0,10.4,4.7,2.5,0.2,3.4,1.1,28.36,Y
692,324,2094,F,55.0,3.9,49.0,12.2,4.8,2.1,1.8,1.0,0.9,30.0,Y
693,731,34276,F,55.0,4.0,56.0,13.7,4.4,2.0,1.0,2.5,0.9,37.0,Y
694,223,23350,M,66.0,4.6,50.0,11.0,3.5,0.6,0.8,2.5,0.3,26.0,Y
695,303,47175,M,68.0,2.9,35.0,11.5,4.9,2.1,2.3,1.8,0.8,33.0,Y
696,567,7324,F,60.0,5.6,72.0,7.5,4.4,2.1,1.1,2.5,0.9,26.0,Y
697,576,234,M,66.0,4.1,63.0,10.1,3.6,5.1,0.9,2.5,0.9,30.0,Y
698,641,86422,M,55.0,3.66,60.0,10.8,7.3,1.6,1.2,5.5,11.3,47.75,Y
699,722,34493,M,55.0,4.6,50.0,9.0,3.5,0.6,0.8,2.5,0.3,39.0,Y
700,568,532,M,63.0,5.9,63.0,7.1,3.6,5.1,0.9,2.5,0.9,30.0,Y
701,599,34494,F,52.0,6.0,45.0,11.1,4.7,0.7,1.0,1.2,0.3,38.0,Y
702,697,34495,F,51.0,4.5,34.0,10.4,4.7,2.5,3.4,1.1,1.5,37.0,Y
703,531,34496,M,58.0,2.0,72.0,10.9,4.8,1.6,1.0,3.1,0.7,33.0,Y
704,644,853224,M,55.0,6.66,61.0,7.7,4.1,2.03,1.08,2.2,14.0,37.62,Y
705,364,15475,F,56.0,2.8,36.0,13.6,6.5,4.4,1.85,0.75,2.0,36.6,Y
706,373,47337,M,56.0,4.1,51.0,11.5,5.9,1.7,1.73,1.04,0.7,31.0,Y
707,388,34497,M,55.0,4.0,64.0,9.7,5.3,3.6,0.7,3.1,1.6,32.0,Y
708,732,34498,F,54.0,2.0,37.0,13.8,5.0,1.2,1.6,0.9,1.5,26.0,Y
709,745,34499,M,53.0,7.5,230.0,11.6,9.1,1.5,1.4,2.1,7.0,27.0,Y
710,25,42448,M,55.0,8.6,68.0,6.4,4.9,1.2,1.3,3.1,0.5,29.0,Y
711,328,34500,F,61.0,4.6,40.0,10.6,7.2,4.9,1.35,1.4,1.5,28.0,Y
712,607,34501,M,60.0,9.6,83.0,11.5,4.1,1.4,1.8,5.1,0.6,29.0,Y
713,665,34502,F,52.0,4.0,58.0,9.0,4.6,3.1,1.8,5.0,1.5,30.0,Y
714,107,42927,M,60.0,6.4,83.0,12.3,4.0,1.9,0.7,2.6,0.9,31.0,Y
715,524,23356,M,60.0,6.4,83.0,12.3,4.0,1.9,0.7,2.6,0.9,29.0,Y
716,792,34503,M,56.0,4.2,70.0,6.9,4.2,2.6,1.8,4.0,1.5,31.0,Y
717,797,34515,M,56.0,4.2,70.0,6.9,4.2,2.6,1.8,4.0,1.5,31.0,Y
718,131,24015,M,55.0,4.4,56.0,10.0,4.9,2.1,1.1,2.5,0.9,28.0,Y
719,43,27010,F,64.0,7.1,68.0,8.0,5.6,2.6,0.8,3.8,1.1,31.0,Y
720,294,34289,F,58.0,5.0,62.0,9.3,5.8,3.6,1.1,1.9,0.6,31.0,Y
721,768,34504,M,59.0,3.4,62.0,8.0,5.5,2.5,1.1,3.3,1.1,36.0,Y
722,779,34505,F,54.0,2.8,22.0,14.6,4.0,1.0,1.8,1.3,1.5,33.0,Y
723,77,34506,M,57.0,2.5,55.0,13.0,6.3,7.2,1.2,3.3,2.8,35.0,Y
724,645,34507,M,54.0,5.4,68.0,3.0,1.2,0.7,1.0,0.5,1.5,33.0,Y
725,412,10969,M,55.0,3.8,50.0,9.6,5.7,4.5,1.0,3.0,2.1,32.0,Y
726,572,987,F,58.0,4.3,56.0,9.1,4.4,2.0,1.0,2.5,0.9,29.0,Y
727,125,24013,F,60.0,5.6,72.0,7.5,4.4,2.1,1.1,2.5,0.9,26.0,Y
728,569,34508,F,60.0,3.2,87.0,10.5,4.6,4.0,0.9,3.0,1.8,39.0,Y
729,621,98564,M,55.0,5.0,81.0,3.7,5.7,1.19,1.1,4.1,8.1,35.16,Y
730,172,34509,M,60.0,5.1,62.0,12.3,6.1,3.8,1.1,3.5,1.7,38.0,Y
731,340,34510,M,61.0,6.5,78.0,9.2,6.5,2.4,1.7,1.8,1.5,37.0,Y
732,632,56743,M,55.0,4.16,30.0,6.8,6.12,3.5,1.03,3.6,24.5,27.33,Y
733,217,21761,F,59.0,5.7,86.0,9.3,5.3,2.7,1.0,3.2,1.2,31.0,Y
734,292,34511,M,63.0,7.9,88.0,7.4,4.7,2.0,1.4,4.2,1.5,33.0,Y
735,711,34512,F,55.0,5.7,86.0,9.3,5.3,2.7,1.0,3.2,1.2,32.0,Y
736,130,32171,F,55.0,4.7,34.0,9.9,5.1,4.5,0.6,2.7,2.0,34.0,Y
737,349,39807,F,58.0,2.7,39.0,10.1,6.3,2.4,1.4,3.8,1.1,30.0,Y
738,537,2407,F,55.0,4.7,34.0,9.9,5.1,4.5,0.6,2.7,2.0,31.0,Y
739,795,34513,F,52.0,4.7,34.0,9.9,5.1,4.5,0.6,2.7,2.0,26.0,Y
740,800,34518,F,52.0,4.7,34.0,9.9,5.1,4.5,0.6,2.7,2.0,26.0,Y
741,101,34514,M,51.0,3.2,61.0,13.7,3.5,1.0,0.9,1.4,1.5,27.0,Y
742,190,34515,M,58.0,5.8,76.0,9.7,8.4,6.3,0.9,1.6,1.5,28.0,Y
743,391,42211,F,51.0,2.5,35.0,9.6,3.0,0.7,1.3,1.3,0.3,26.0,Y
744,527,34516,F,55.0,4.0,56.0,9.4,6.4,4.1,1.0,3.5,1.9,29.0,Y
745,633,34517,M,54.0,4.0,76.0,9.2,5.7,4.2,0.9,3.2,1.9,30.0,Y
746,44,34518,F,53.0,4.2,39.0,8.0,5.7,4.2,0.9,1.6,1.9,31.0,Y
747,579,34519,M,61.0,7.2,75.0,9.0,2.9,0.7,1.0,1.6,0.3,36.0,Y
748,26,34520,M,60.0,7.5,83.0,7.6,4.6,4.6,0.6,2.7,1.4,33.0,Y
749,571,34521,M,52.0,7.5,90.0,10.5,3.0,1.5,0.6,2.2,0.7,35.0,Y
750,433,12662,M,59.0,5.3,70.0,9.8,5.2,3.4,1.35,1.45,1.3,30.0,Y
751,454,3034,F,52.0,2.8,35.0,12.8,4.8,4.0,1.1,2.1,1.8,36.6,Y
752,154,34522,F,56.0,4.5,57.0,11.8,3.9,3.1,9.9,1.8,1.4,33.0,Y
753,199,48613,F,68.0,4.2,41.0,11.9,4.0,1.1,2.3,1.1,0.5,30.0,Y
754,639,34523,F,59.0,4.2,41.0,11.9,4.0,1.1,2.3,1.1,0.5,39.0,Y
755,229,48786,F,64.0,2.2,89.0,11.8,6.7,2.0,0.9,5.0,0.9,30.0,Y
756,400,34524,M,54.0,4.0,55.0,11.3,5.3,7.7,0.7,1.5,3.5,38.0,Y
757,713,34525,M,57.0,1.1,27.0,12.3,3.1,1.6,1.7,0.95,1.5,37.0,Y
758,728,34526,F,54.0,2.2,29.0,11.8,6.7,2.0,0.9,5.0,0.9,33.0,Y
759,193,48088,F,55.0,6.0,43.0,11.2,2.4,1.3,0.4,1.4,0.6,32.0,Y
760,274,48567,F,55.0,3.5,32.0,14.5,5.3,1.5,0.7,3.9,0.7,26.0,Y
761,442,47994,M,55.0,4.6,48.0,11.2,5.1,3.5,1.7,1.8,1.6,30.0,Y
762,455,34527,M,60.0,6.2,35.0,8.5,5.8,2.9,0.4,3.0,1.6,32.0,Y
763,457,48312,M,51.0,3.3,41.0,13.9,6.0,1.1,1.4,1.3,0.4,27.17,Y
764,619,34528,F,60.0,6.6,43.0,11.2,2.4,1.3,0.4,1.4,0.6,26.0,Y
765,627,755889,M,55.0,5.0,64.0,12.3,6.0,3.9,0.8,3.7,27.2,37.0,Y
766,765,34529,F,61.0,3.5,32.0,14.5,5.3,1.5,0.7,3.9,0.7,27.0,Y
767,551,34530,M,63.0,3.5,54.0,10.1,5.9,3.1,1.1,2.6,1.4,28.0,Y
768,124,48938,M,55.0,5.3,49.0,10.5,5.6,5.5,0.7,2.6,2.5,32.0,Y
769,331,43539,F,55.0,5.3,33.0,8.8,4.5,1.4,1.9,2.1,0.6,26.0,Y
770,343,34531,F,55.0,2.4,36.0,12.4,4.3,2.4,1.8,1.3,1.5,29.0,Y
771,535,9625,M,55.0,5.3,49.0,10.5,5.6,5.5,0.7,2.6,2.5,27.4,Y
772,756,34532,M,52.0,6.0,72.0,10.5,5.7,3.6,1.0,1.7,2.0,30.0,Y
773,786,34533,M,51.0,5.3,49.0,10.5,5.6,5.5,0.7,2.6,2.0,31.0,Y
774,283,47065,M,57.0,3.6,56.0,11.9,5.4,1.5,1.1,3.7,0.7,31.0,Y
775,471,34534,F,58.0,3.7,36.0,10.7,4.2,0.5,0.9,3.1,0.2,36.0,Y
776,479,34535,M,55.0,3.5,76.0,10.3,9.7,12.7,0.9,3.0,5.8,33.0,Y
777,545,34536,F,54.0,9.0,70.0,10.8,3.7,3.1,1.2,2.0,1.4,35.0,Y
778,166,34537,M,53.0,5.9,67.0,9.9,5.2,1.8,0.9,3.6,0.6,33.0,Y
779,253,34538,M,61.0,3.6,67.0,10.1,5.1,1.4,0.9,5.6,2.0,39.0,Y
780,148,34539,F,60.0,4.4,49.0,12.3,4.6,2.3,0.9,3.6,2.0,38.0,Y
781,548,14389,F,60.0,4.1,56.0,13.1,4.4,2.0,1.0,2.5,0.9,29.0,Y
782,250,34540,F,52.0,2.6,30.0,10.0,5.4,2.1,0.9,0.9,2.0,37.0,Y
783,379,3856,M,55.0,5.1,61.0,10.5,4.6,1.5,0.8,2.1,0.6,30.0,Y
784,414,34541,M,56.0,4.6,55.0,10.8,3.4,2.0,0.7,2.0,0.8,33.0,Y
785,583,34542,F,59.0,6.2,62.0,11.6,6.3,4.4,0.9,0.8,2.0,32.0,Y
786,225,48773,F,54.0,2.7,49.0,13.7,6.8,1.7,0.8,4.7,0.8,30.0,Y
787,726,34543,F,54.0,2.7,49.0,13.7,6.2,1.7,0.8,4.7,0.8,26.0,Y
788,370,20794,F,55.0,3.1,39.0,12.3,5.3,1.6,1.45,1.7,0.7,28.0,Y
789,114,48926,M,55.0,4.9,33.0,10.2,3.9,0.6,1.3,2.3,0.3,32.0,Y
790,144,44836,M,60.0,5.4,68.0,11.2,6.0,2.9,1.0,3.8,1.3,30.0,Y
791,489,34544,F,57.0,2.1,44.0,8.9,5.2,1.1,1.0,3.7,0.5,27.0,Y
792,529,1495,M,55.0,4.9,33.0,10.2,3.9,0.6,1.3,2.3,0.3,27.0,Y
793,547,87562,M,60.0,5.4,68.0,11.2,6.0,2.9,1.0,3.8,1.3,26.0,Y
794,764,34545,M,54.0,4.5,70.0,10.5,4.3,2.4,1.6,1.7,2.0,28.0,Y
795,780,34546,M,60.0,4.9,33.0,10.2,3.9,0.6,1.3,2.3,0.3,29.0,Y
796,525,34547,F,60.0,2.1,34.0,12.3,6.2,5.8,1.0,3.0,2.0,30.0,Y
797,226,34548,F,61.0,7.1,45.0,13.6,6.6,2.6,1.1,4.4,1.1,31.0,Y
798,523,34549,F,63.0,2.8,54.0,11.2,4.2,1.1,1.7,1.4,2.0,36.0,Y
799,115,34550,M,55.0,5.1,71.0,9.7,3.2,1.4,1.0,3.0,2.0,33.0,Y
800,256,48858,M,55.0,4.4,38.0,13.2,3.9,1.3,1.6,1.7,0.6,34.0,Y
801,743,34551,M,52.0,4.4,38.0,13.2,3.9,1.3,1.6,1.7,0.6,35.0,Y
802,319,45370,M,55.0,3.7,71.0,9.8,5.8,7.7,1.8,0.9,3.5,31.5,Y
803,424,34552,M,51.0,4.9,72.0,12.5,3.2,0.9,1.0,2.8,2.0,33.0,Y
804,485,34553,F,58.0,3.1,36.0,10.6,5.4,4.7,1.1,2.2,2.1,39.0,Y
805,689,34554,M,55.0,5.1,39.0,15.9,4.2,1.2,1.4,3.0,2.0,38.0,Y
806,770,34555,M,54.0,10.4,126.0,10.0,4.4,1.3,1.4,1.0,2.0,37.0,Y
807,50,34556,M,53.0,14.9,327.0,11.0,5.9,8.7,1.0,3.0,3.4,33.0,Y
808,301,47150,F,60.0,5.0,60.0,14.8,3.1,2.2,1.3,1.4,1.0,32.0,Y
809,367,34557,M,61.0,5.5,70.0,9.2,5.5,3.0,1.6,1.7,0.8,32.0,Y
810,304,34558,F,60.0,4.5,57.0,14.4,6.8,2.9,1.0,0.9,1.6,26.0,Y
811,785,34559,M,52.0,3.9,74.0,11.7,7.0,8.5,1.6,1.4,2.0,27.0,Y
812,207,48704,F,64.0,3.6,48.0,15.0,7.7,4.7,0.7,5.0,2.1,32.0,Y
813,637,985322,M,55.0,4.33,44.0,10.5,5.7,1.3,1.5,3.6,9.0,32.65,Y
814,691,34560,F,56.0,3.6,48.0,15.0,7.7,4.7,5.0,2.1,2.0,28.0,Y
815,533,34561,F,59.0,6.0,28.0,14.6,6.1,4.4,1.2,1.3,2.0,29.0,Y
816,181,45511,F,55.0,5.5,50.0,12.2,6.3,2.3,9.0,4.4,1.0,31.0,Y
817,625,34562,M,54.0,2.9,79.0,10.3,5.0,3.2,1.8,1.7,2.0,30.0,Y
818,733,34563,F,57.0,4.3,41.0,10.2,5.5,1.1,1.4,1.7,2.0,31.0,Y
819,40,4084,M,55.0,4.1,58.0,10.3,7.3,4.6,1.3,1.4,0.7,29.0,Y
820,35,40725,M,55.0,4.7,32.0,7.8,3.8,0.9,1.5,1.9,0.4,33.0,Y
821,205,34564,M,54.0,4.3,90.0,13.2,9.2,1.2,1.6,2.4,2.0,36.0,Y
822,247,34565,M,60.0,4.0,78.0,14.1,4.1,1.3,1.8,3.6,2.0,33.0,Y
823,169,45440,M,55.0,3.8,66.0,10.2,4.3,3.3,0.6,2.4,1.5,31.0,Y
824,497,34566,M,60.0,4.1,78.0,11.0,3.8,0.7,0.7,2.8,0.3,35.0,Y
825,313,34567,M,61.0,4.1,57.0,9.4,3.7,1.5,0.7,4.6,2.0,33.0,Y
826,605,34568,F,63.0,6.4,59.0,11.6,8.1,2.7,0.7,4.1,1.2,39.0,Y
827,611,34569,M,55.0,9.0,66.0,8.3,5.7,2.6,0.7,4.1,1.1,38.0,Y
828,211,48707,M,55.0,4.7,53.0,12.2,5.7,3.5,0.7,3.6,1.6,25.6,Y
829,693,34570,M,52.0,4.7,53.0,12.2,5.7,3.5,3.6,1.6,1.0,37.0,Y
830,277,48362,F,68.0,6.1,49.0,8.2,8.0,4.8,1.3,4.8,2.2,26.0,Y
831,461,48362,F,69.0,6.1,49.0,8.2,8.0,4.8,1.3,4.8,2.2,34.0,Y
832,322,1334,F,55.0,4.3,57.0,10.6,6.6,4.1,1.8,1.3,1.8,29.0,Y
833,145,34571,M,51.0,5.2,63.0,11.0,6.7,2.1,1.8,1.3,1.0,33.0,Y
834,208,34572,M,58.0,3.4,48.0,11.2,4.8,1.4,1.8,1.3,1.0,32.0,Y
835,760,34573,M,55.0,7.1,72.0,12.2,6.9,4.5,1.3,1.4,1.0,26.0,Y
836,325,34574,F,54.0,5.9,74.0,12.4,5.5,1.3,1.6,1.7,1.9,27.0,Y
837,543,34575,M,53.0,3.8,59.0,10.9,5.1,3.2,1.8,2.0,1.0,28.0,Y
838,41,34576,F,61.0,4.2,69.0,10.0,6.1,6.8,0.8,3.3,2.6,29.0,Y
839,436,48032,M,52.0,5.5,62.0,13.2,4.9,2.2,1.2,2.7,1.0,29.0,Y
840,519,34577,F,60.0,4.6,47.0,12.0,5.0,3.9,1.1,2.4,1.7,30.0,Y
841,418,48511,F,56.0,4.6,47.0,12.0,5.0,3.9,1.1,2.4,1.7,36.6,Y
842,491,34578,F,67.0,5.3,72.0,14.7,5.8,1.8,1.1,3.9,0.8,31.0,Y
843,415,48086,M,55.0,3.9,51.0,10.7,3.6,1.2,1.4,1.7,0.5,30.0,Y
844,515,34579,M,68.0,3.9,51.0,10.7,3.6,1.2,1.4,1.7,0.5,36.0,Y
845,781,34580,M,61.0,7.2,78.0,9.1,6.5,1.5,1.4,0.9,0.5,33.0,Y
847,2,44835,M,60.0,2.1,56.0,7.2,6.3,3.7,1.0,3.7,1.7,28.0,Y
848,3,41248,M,53.0,4.2,55.0,8.0,5.0,2.5,1.3,2.3,1.6,30.0,Y
849,4,18642,M,55.0,9.2,101.0,8.5,5.6,1.9,1.3,1.2,0.7,28.0,Y
850,5,51477,M,58.0,5.9,67.0,9.9,5.2,1.8,0.9,3.6,0.6,29.0,Y
851,6,45308,F,58.0,6.0,66.0,6.9,5.7,1.3,1.4,4.9,0.6,24.0,Y
852,8,79133,M,55.0,5.8,60.0,9.0,4.6,1.9,1.2,2.6,0.8,30.0,Y
853,11,749215,F,42.0,2.3,52.0,7.0,5.2,2.8,3.1,1.3,0.9,24.0,Y
854,13,466,M,55.0,3.0,30.0,9.1,6.6,2.9,1.1,4.3,1.3,29.0,Y
855,14,51567,M,55.0,10.3,198.0,9.7,4.2,3.8,1.6,3.0,0.8,32.0,Y
856,15,65455,F,53.0,4.3,44.0,8.8,5.8,1.7,1.1,3.9,0.9,38.0,Y
857,16,51573,F,73.0,3.1,50.0,8.9,3.4,1.5,1.2,2.9,1.1,22.0,Y
858,17,46545,M,57.0,3.0,60.0,7.9,4.8,2.4,1.8,2.0,1.1,27.0,Y
859,18,14191,M,51.0,5.5,83.0,9.4,3.8,0.9,1.5,2.0,0.2,30.0,Y
861,21,7523,F,44.0,3.6,59.0,9.1,5.4,2.4,1.1,3.2,1.1,23.0,Y
862,22,51625,M,51.0,3.5,72.0,7.0,5.4,1.5,1.0,3.7,0.7,27.0,Y
863,23,71255,F,30.0,3.1,54.0,7.3,5.9,1.8,1.6,3.5,0.8,21.0,Y
864,24,49220,F,45.0,2.2,38.0,9.6,4.1,1.8,1.0,2.3,0.8,30.0,Y
865,25,51646,F,60.0,5.4,47.0,6.9,3.6,0.8,1.8,1.5,0.4,28.0,Y
866,26,78151,M,54.0,3.8,62.0,8.8,5.4,2.2,1.1,7.0,0.9,30.0,Y
867,27,51677,F,55.0,5.8,41.0,9.7,5.0,4.5,1.1,2.2,2.0,28.0,Y
868,28,856,F,55.0,8.5,59.0,7.6,3.3,1.7,0.9,1.7,0.8,32.0,Y
869,29,5415,M,60.0,7.5,83.0,7.2,2.8,1.9,1.3,2.0,0.8,35.0,Y
870,30,6546,M,55.0,6.1,80.0,8.5,5.6,2.1,0.9,3.8,0.4,26.0,Y
871,31,8851,M,45.0,4.3,71.0,7.2,5.6,2.0,1.1,3.0,1.0,19.0,Y
872,32,878451,M,56.0,3.4,68.0,9.7,5.6,2.6,0.9,3.7,1.1,29.0,Y
873,33,35645,F,55.0,1.8,24.0,6.7,4.8,0.6,1.9,2.6,1.1,27.0,Y
874,34,458451,F,59.0,11.2,99.0,7.4,4.0,2.7,0.7,2.3,1.2,31.0,Y
875,35,451,F,59.0,4.8,51.0,7.0,3.6,0.8,1.8,1.5,0.4,28.0,Y
876,36,215,F,54.0,7.2,67.0,6.5,4.1,1.4,1.8,1.7,0.6,29.0,Y
877,37,12154,M,76.0,4.1,52.0,7.0,3.3,1.6,1.2,1.4,0.7,31.0,Y
878,38,2256,M,54.0,3.3,46.0,10.0,4.3,1.6,1.1,2.0,1.8,35.0,Y
879,39,2156,M,54.0,3.6,46.0,6.9,4.0,4.5,1.0,1.2,2.0,33.0,Y
880,40,21654,F,61.0,3.7,51.0,6.5,6.4,1.8,3.2,2.5,0.8,30.0,Y
881,43,216544,F,52.0,4.2,46.0,6.8,3.6,1.9,1.9,1.6,1.2,36.6,Y
882,44,8451,M,51.0,6.7,73.0,10.4,4.9,6.7,1.6,0.6,3.0,37.0,Y
883,45,6451,F,42.0,4.5,52.0,8.0,5.0,2.5,1.3,2.3,1.6,30.0,Y
884,46,9963,M,51.0,38.9,58.0,6.8,5.9,2.6,1.4,3.4,1.2,33.0,Y
885,48,45215,F,60.0,4.8,44.0,8.0,3.5,1.8,1.4,1.4,0.8,27.0,Y
886,49,1036556,M,54.0,2.8,43.0,6.9,6.7,2.4,1.1,4.6,1.1,30.0,Y
887,50,789451,M,73.0,6.1,83.0,12.0,5.0,3.3,1.3,2.4,1.5,33.0,Y
888,51,4515131,M,55.0,5.6,46.0,10.3,5.3,3.7,1.1,2.8,1.7,30.0,Y
889,52,4534,M,60.0,4.2,59.0,8.9,6.8,4.3,1.2,3.9,1.9,30.0,Y
890,53,5653,M,60.0,6.9,79.0,8.0,2.5,1.9,1.3,3.1,0.8,30.0,Y
891,54,67564,F,56.0,4.0,38.0,7.7,6.1,2.3,1.6,3.6,1.0,26.0,Y
892,55,2345,M,55.0,26.4,228.0,7.1,4.1,1.9,1.3,2.0,0.9,27.0,Y
893,56,43534,F,56.0,2.8,51.0,7.0,5.3,2.1,1.6,2.9,0.9,21.0,Y
894,57,6544,M,54.0,3.0,67.0,7.0,4.8,1.7,1.3,2.8,0.7,26.0,Y
895,58,6734,M,56.0,4.9,32.0,10.7,3.6,3.6,1.3,0.9,1.6,31.0,Y
896,59,745654,M,61.0,4.1,44.0,10.3,6.4,11.6,1.1,0.7,5.2,31.0,Y
897,61,65456,F,61.0,8.1,72.0,16.0,7.7,3.1,1.6,4.9,1.4,26.0,Y
898,62,34545,M,59.0,4.6,53.0,13.3,5.4,3.0,1.2,3.0,1.3,29.0,Y
899,63,45466,F,55.0,4.4,35.0,11.7,5.0,3.5,1.5,2.1,1.5,29.0,Y
900,64,3456,M,61.0,6.6,72.0,8.5,5.6,1.9,1.3,1.2,0.7,28.0,Y
901,65,65645,F,52.0,8.0,56.0,13.8,5.6,2.5,0.9,3.7,1.1,26.0,Y
902,66,356,M,54.0,4.5,38.0,10.7,5.0,4.4,1.4,1.8,2.0,31.0,Y
903,67,456456,M,60.0,5.7,55.0,10.6,3.0,2.7,0.6,1.2,1.2,33.0,Y
904,68,2335,F,55.0,4.5,42.0,9.4,3.8,0.9,1.5,2.0,0.2,30.0,Y
905,69,34677,F,54.0,3.8,59.0,9.1,6.5,2.6,1.4,4.0,1.1,33.0,Y
906,70,87876,M,55.0,2.0,51.0,6.5,5.2,2.3,1.2,4.3,1.4,22.0,Y
907,73,786745,F,56.0,3.0,48.0,7.2,6.5,3.4,0.9,2.6,1.2,33.0,Y
908,74,65632,F,55.0,3.7,41.0,10.8,5.4,2.2,1.2,3.3,1.0,35.0,Y
909,75,2435,F,76.0,2.4,41.0,11.3,5.3,1.7,1.0,3.5,0.8,29.0,Y
910,76,8978,M,60.0,5.4,64.0,10.4,3.8,1.5,0.8,2.3,0.6,31.0,Y
911,77,4564,M,56.0,5.0,61.0,9.2,4.6,1.0,1.5,1.45,0.7,30.0,Y
912,78,5727,M,55.0,5.1,70.0,11.0,5.2,1.9,1.3,3.1,0.9,31.0,Y
913,80,3858,F,31.0,4.8,52.0,6.5,5.5,2.1,1.0,3.6,0.9,33.0,Y
914,82,71741,F,35.0,4.3,49.0,8.5,7.2,3.6,0.8,5.0,0.8,21.0,Y
915,84,7147,F,60.0,8.5,92.0,6.8,2.1,2.3,0.9,2.8,1.2,30.0,Y
916,85,41741,F,44.0,4.6,54.0,9.4,6.8,2.9,1.1,4.5,1.3,23.0,Y
917,86,71741,F,51.0,10.5,111.0,8.1,3.8,3.2,0.8,1.7,1.4,34.0,Y
918,87,8785782,F,36.0,7.5,82.0,7.9,5.5,2.5,0.7,4.1,0.6,24.0,Y
919,90,7175,F,36.0,2.8,39.0,8.6,6.2,3.3,1.5,4.1,1.4,24.0,Y
920,91,5525,F,56.0,4.5,57.0,11.8,3.9,3.1,0.9,1.8,1.4,30.0,Y
921,92,247255,M,51.0,4.4,57.0,11.3,9.8,1.9,1.1,7.9,0.8,37.0,Y
922,93,415787,F,55.0,4.3,56.0,7.0,3.8,2.6,1.0,2.1,1.6,30.0,Y
923,94,85282,M,55.0,4.7,55.0,6.8,3.4,1.7,1.2,1.5,0.4,28.0,Y
924,95,858725,M,55.0,3.9,46.0,6.5,6.9,3.5,2.0,3.5,1.6,26.0,Y
925,97,785,M,58.0,4.0,55.0,7.8,4.0,3.9,1.5,1.4,1.4,28.0,Y
926,100,58587,M,55.0,5.4,62.0,6.8,4.2,3.7,1.0,1.6,1.7,34.0,Y
927,101,75275,M,55.0,4.8,77.0,11.1,5.7,4.0,0.9,3.3,1.8,30.0,Y
928,103,45645,M,62.0,6.3,82.0,6.5,4.3,3.4,0.8,2.1,1.5,31.0,Y
929,104,345456,M,57.0,4.1,70.0,9.2,5.4,1.2,1.0,3.8,0.5,32.0,Y
930,105,46546,F,55.0,4.1,34.0,13.9,5.4,1.6,1.6,3.1,0.7,33.0,Y
931,106,5645,F,55.0,3.1,39.0,8.5,5.9,2.1,1.2,4.0,1.2,32.0,Y
932,107,5464,F,55.0,5.7,88.0,7.2,6.5,3.4,0.9,2.6,1.2,33.0,Y
933,108,24345,M,51.0,2.5,55.0,13.0,6.3,7.2,1.2,3.3,2.8,35.0,Y
934,109,233243,M,60.0,5.4,84.0,8.0,2.5,1.9,1.3,3.1,0.8,30.0,Y
935,110,56345,M,58.0,8.2,81.0,10.4,6.0,3.0,1.1,0.8,0.5,35.0,Y
936,111,45646,F,63.0,4.7,55.0,12.6,7.9,5.0,1.3,2.1,0.7,35.0,Y
937,112,54656,M,55.0,6.9,80.0,9.8,7.3,1.2,1.5,1.6,0.5,29.0,Y
938,113,45646,F,55.0,2.1,23.0,9.96,4.1,4.2,1.2,1.4,1.3,29.0,Y
939,114,45643,M,60.0,5.3,62.0,10.2,4.1,3.8,1.1,1.35,0.6,31.0,Y
940,115,67547,F,61.0,3.4,38.0,9.2,3.9,2.8,1.2,1.5,1.3,26.0,Y
941,116,7565435,M,63.0,3.4,52.0,8.8,5.8,1.7,1.1,3.9,0.9,38.0,Y
942,117,865754,F,61.0,3.8,32.0,10.3,3.4,0.8,1.4,1.6,0.8,32.0,Y
943,118,77657,F,51.0,4.1,41.0,9.1,3.9,1.2,0.8,2.7,0.4,33.0,Y
944,119,56567,F,53.0,10.3,132.0,12.4,7.1,2.6,1.3,0.9,1.0,32.0,Y
945,120,565474,M,51.0,4.4,67.0,6.8,6.7,3.7,0.9,2.9,1.7,32.0,Y
946,121,65756,F,62.0,4.8,52.0,11.8,3.7,0.8,0.8,2.6,0.3,33.0,Y
947,122,345,M,60.0,3.3,59.0,7.6,3.5,1.0,1.3,1.5,0.7,30.0,Y
948,123,5676,F,60.0,3.4,27.0,14.7,3.5,1.9,1.3,1.6,1.4,35.0,Y
949,124,75634,M,61.0,4.3,70.0,9.1,6.6,2.9,1.1,4.3,1.3,29.0,Y
950,125,543453,M,51.0,3.2,61.0,13.7,3.5,1.0,0.9,1.4,2.6,32.0,Y
953,129,45416,M,26.0,7.5,79.0,8.8,3.5,2.0,2.0,0.9,0.5,28.0,Y
954,130,45386,F,50.0,4.3,61.0,8.284155069582505,6.2,2.3,1.2,4.1,1.0,23.0,Y
955,131,45387,F,50.0,2.5,79.0,8.1,7.4,3.3,0.8,4.0,0.8,22.0,Y
956,132,45373,M,35.0,6.3,53.0,6.5,5.5,2.1,1.0,3.6,0.9,33.0,Y
957,136,45427,F,34.0,4.5,61.0,8.1,3.1,1.6,0.9,1.5,0.7,34.0,Y
958,140,45413,F,28.0,3.5,61.0,8.5,5.6,2.1,0.9,3.8,0.4,26.0,Y
959,142,45375,F,35.0,9.1,114.0,7.2,5.6,1.4,1.4,3.6,0.6,20.0,Y
960,148,45380,F,40.0,5.1,79.0,7.3,5.7,3.8,1.3,2.8,1.7,20.0,Y
961,151,45448,M,60.0,10.0,194.0,7.1,4.6,1.6,0.8,1.8,1.7,26.0,Y
964,158,45398,M,54.0,6.3,106.0,8.6,5.5,2.9,1.1,1.3,1.1,23.0,Y
965,159,45446,M,54.0,5.0,88.0,6.8,6.7,3.7,0.9,2.9,1.7,32.0,Y
966,160,45393,M,50.0,3.3,70.0,6.8,5.5,1.5,2.2,2.6,0.6,22.0,Y
967,162,45370,M,30.0,4.6,106.0,8.1,6.8,3.2,0.7,3.6,1.3,23.0,Y
968,163,45450,M,64.0,8.8,106.0,8.2,3.8,3.0,0.9,1.7,1.3,30.0,Y
969,164,45394,M,50.0,9.0,150.0,6.7,5.4,5.3,0.7,2.7,1.2,21.0,Y
970,167,45449,F,60.0,5.0,70.0,8.1,8.6,3.5,1.8,5.3,1.6,29.0,Y
971,168,45371,M,30.0,5.0,53.0,7.7,5.5,2.1,1.0,3.6,0.9,24.0,Y
972,169,45452,M,75.0,10.3,113.0,8.5,4.5,2.4,1.1,2.5,1.1,30.0,Y
973,170,45395,M,50.0,4.8,70.0,8.0,5.2,2.7,1.4,2.7,1.2,20.0,Y
974,172,45372,M,30.0,13.2,185.0,8.1,5.0,1.1,1.8,4.1,1.0,21.0,Y
976,174,45411,F,70.0,11.0,53.0,8.2,7.4,3.3,0.8,4.0,0.8,22.0,Y
977,175,45414,M,69.0,10.3,185.0,7.6,4.6,3.2,0.6,2.7,1.4,33.0,Y
978,176,45445,M,52.0,5.1,70.0,7.0,7.5,1.7,1.2,1.8,0.6,30.0,Y
980,179,834578,M,51.0,5.5,83.0,9.4,6.4,2.3,2.3,3.2,1.0,33.0,Y
981,183,454316,M,65.0,5.0,97.0,7.0,4.3,4.3,1.4,1.5,2.0,27.0,Y
982,184,454316,F,54.0,5.0,88.0,6.8,5.1,2.1,1.1,3.0,1.0,30.0,Y
984,187,454316,F,60.0,5.0,70.0,8.1,5.2,3.3,1.4,0.6,3.0,27.0,Y
985,188,454316,F,75.0,10.3,113.0,8.6,4.2,1.6,0.9,2.6,0.7,32.0,Y
986,189,454316,M,58.0,4.0,55.0,7.9,4.9,2.0,1.2,1.4,1.1,35.0,Y
987,191,454316,M,55.0,5.4,62.0,6.8,5.3,2.0,1.0,3.5,0.9,30.1,Y
989,193,454316,M,62.0,6.3,82.0,6.7,5.3,2.0,1.0,3.5,0.9,30.1,Y
990,194,454316,F,57.0,4.1,70.0,8.284155069582505,5.3,3.3,1.0,1.4,1.3,29.0,Y
991,195,4543,f,55.0,4.1,34.0,13.9,5.4,1.6,1.6,3.1,0.7,33.0,Y
992,196,454316,M,55.0,3.1,39.0,8.5,5.0,2.5,1.9,2.9,0.7,27.0,Y
993,198,454316,M,28.0,3.5,61.0,8.5,4.5,1.9,1.1,2.6,0.8,37.0,Y
994,199,454316,M,69.0,10.3,185.0,7.7,4.9,1.9,1.2,3.0,0.7,37.0,Y
995,200,454317,M,71.0,11.0,97.0,7.0,7.5,1.7,1.2,1.8,0.6,30.0,Y
996,671,876534,M,31.0,3.0,60.0,12.3,4.1,2.2,0.7,2.4,15.4,37.2,Y
997,669,87654,M,30.0,7.1,81.0,6.7,4.1,1.1,1.2,2.4,8.1,27.4,Y
998,99,24004,M,38.0,5.8,59.0,6.7,5.3,2.0,1.6,2.9,14.0,40.5,Y
1000,185,454316,M,64.0,8.8,106.0,8.5,5.9,2.1,1.2,4.0,1.2,32.0,Y
1005,192,454316,M,55.0,4.8,88.0,8.284155069582505,5.7,4.0,0.9,3.3,1.8,30.0,Y
1007,194,454316,F,57.0,4.1,70.0,9.3,5.3,3.3,1.0,1.4,1.3,29.0,Y
